  0.000000000000000E+000  2.000000000000000E-003 -0.190483448389402     
  0.000000000000000E+000  2.000000000000000E-003 -0.201472017011519     
  0.000000000000000E+000  2.000000000000000E-003 -0.202154631720635     
  0.000000000000000E+000  2.000000000000000E-003 -0.199025278854257     
  0.000000000000000E+000  2.000000000000000E-003 -0.195147202410390     
  0.000000000000000E+000  2.000000000000000E-003 -0.190635869807005     
  0.000000000000000E+000  2.000000000000000E-003 -0.186008610992531     
  0.000000000000000E+000  2.000000000000000E-003 -0.181979682930935     
  0.000000000000000E+000  2.000000000000000E-003 -0.179306805405653     
  0.000000000000000E+000  2.000000000000000E-003 -0.178139076169700     
  0.000000000000000E+000  2.000000000000000E-003 -0.177553184004583     
  0.000000000000000E+000  2.000000000000000E-003 -0.174773665156489     
  0.000000000000000E+000  2.000000000000000E-003 -0.168940617809910     
  0.000000000000000E+000  2.000000000000000E-003 -0.161182115349012     
  0.000000000000000E+000  2.000000000000000E-003 -0.151180752256718     
  0.000000000000000E+000  2.000000000000000E-003 -0.138771695304614     
  0.000000000000000E+000  2.000000000000000E-003 -0.127366796965123     
  0.000000000000000E+000  2.000000000000000E-003 -0.118308429712425     
  0.000000000000000E+000  2.000000000000000E-003 -0.111595709094456     
  0.000000000000000E+000  2.000000000000000E-003 -0.106579966000018     
  0.000000000000000E+000  2.000000000000000E-003 -0.102736940713151     
  0.000000000000000E+000  2.000000000000000E-003 -9.951546440185001E-002
  0.000000000000000E+000  2.000000000000000E-003 -9.613507649660995E-002
  0.000000000000000E+000  2.000000000000000E-003 -9.080921476975129E-002
  0.000000000000000E+000  2.000000000000000E-003 -8.339024342420927E-002
  0.000000000000000E+000  0.304332916666667      -0.211224085757641     
  0.000000000000000E+000  0.304332916666667      -0.226527026739243     
  0.000000000000000E+000  0.304332916666667      -0.227268315586523     
  0.000000000000000E+000  0.304332916666667      -0.221368371044383     
  0.000000000000000E+000  0.304332916666667      -0.215642015609844     
  0.000000000000000E+000  0.304332916666667      -0.210399278816185     
  0.000000000000000E+000  0.304332916666667      -0.205469504603939     
  0.000000000000000E+000  0.304332916666667      -0.201009205380373     
  0.000000000000000E+000  0.304332916666667      -0.197310981366015     
  0.000000000000000E+000  0.304332916666667      -0.194117244669829     
  0.000000000000000E+000  0.304332916666667      -0.190189477386245     
  0.000000000000000E+000  0.304332916666667      -0.183859833883410     
  0.000000000000000E+000  0.304332916666667      -0.176747405350451     
  0.000000000000000E+000  0.304332916666667      -0.169695529144273     
  0.000000000000000E+000  0.304332916666667      -0.159729809522813     
  0.000000000000000E+000  0.304332916666667      -0.147646005064627     
  0.000000000000000E+000  0.304332916666667      -0.136328797990219     
  0.000000000000000E+000  0.304332916666667      -0.126963529183050     
  0.000000000000000E+000  0.304332916666667      -0.119589347149068     
  0.000000000000000E+000  0.304332916666667      -0.113844614810424     
  0.000000000000000E+000  0.304332916666667      -0.109316370070537     
  0.000000000000000E+000  0.304332916666667      -0.105611555293873     
  0.000000000000000E+000  0.304332916666667      -0.102053521491414     
  0.000000000000000E+000  0.304332916666667      -9.679496478804059E-002
  0.000000000000000E+000  0.304332916666667      -8.877756167935269E-002
  0.000000000000000E+000  0.606665833333333      -0.225446857933389     
  0.000000000000000E+000  0.606665833333333      -0.239577343827425     
  0.000000000000000E+000  0.606665833333333      -0.244749811865209     
  0.000000000000000E+000  0.606665833333333      -0.241261513561760     
  0.000000000000000E+000  0.606665833333333      -0.236078869337906     
  0.000000000000000E+000  0.606665833333333      -0.231292943778872     
  0.000000000000000E+000  0.606665833333333      -0.226760977020877     
  0.000000000000000E+000  0.606665833333333      -0.222315228334425     
  0.000000000000000E+000  0.606665833333333      -0.217957680023116     
  0.000000000000000E+000  0.606665833333333      -0.213110331618817     
  0.000000000000000E+000  0.606665833333333      -0.206631140382002     
  0.000000000000000E+000  0.606665833333333      -0.197619277343356     
  0.000000000000000E+000  0.606665833333333      -0.187705814664336     
  0.000000000000000E+000  0.606665833333333      -0.178243377243458     
  0.000000000000000E+000  0.606665833333333      -0.167669906645206     
  0.000000000000000E+000  0.606665833333333      -0.156053254904653     
  0.000000000000000E+000  0.606665833333333      -0.145168162119108     
  0.000000000000000E+000  0.606665833333333      -0.135529307583496     
  0.000000000000000E+000  0.606665833333333      -0.127486488529944     
  0.000000000000000E+000  0.606665833333333      -0.120897644955508     
  0.000000000000000E+000  0.606665833333333      -0.115461129430296     
  0.000000000000000E+000  0.606665833333333      -0.110826576918464     
  0.000000000000000E+000  0.606665833333333      -0.106077091981759     
  0.000000000000000E+000  0.606665833333333      -9.947982958755960E-002
  0.000000000000000E+000  0.606665833333333      -9.155424744305074E-002
  0.000000000000000E+000  0.908998750000000      -0.230683965091516     
  0.000000000000000E+000  0.908998750000000      -0.243886106795656     
  0.000000000000000E+000  0.908998750000000      -0.252748795151210     
  0.000000000000000E+000  0.908998750000000      -0.255170692933516     
  0.000000000000000E+000  0.908998750000000      -0.254330359641756     
  0.000000000000000E+000  0.908998750000000      -0.252252037432846     
  0.000000000000000E+000  0.908998750000000      -0.249317012815647     
  0.000000000000000E+000  0.908998750000000      -0.245499412176998     
  0.000000000000000E+000  0.908998750000000      -0.240949892186666     
  0.000000000000000E+000  0.908998750000000      -0.235048658376363     
  0.000000000000000E+000  0.908998750000000      -0.227051045541482     
  0.000000000000000E+000  0.908998750000000      -0.216474931939098     
  0.000000000000000E+000  0.908998750000000      -0.204164165662408     
  0.000000000000000E+000  0.908998750000000      -0.191346449474156     
  0.000000000000000E+000  0.908998750000000      -0.178412308374702     
  0.000000000000000E+000  0.908998750000000      -0.165890095375400     
  0.000000000000000E+000  0.908998750000000      -0.154453883205142     
  0.000000000000000E+000  0.908998750000000      -0.144170647743760     
  0.000000000000000E+000  0.908998750000000      -0.135163430732766     
  0.000000000000000E+000  0.908998750000000      -0.127428991300860     
  0.000000000000000E+000  0.908998750000000      -0.120642855934692     
  0.000000000000000E+000  0.908998750000000      -0.114429434946318     
  0.000000000000000E+000  0.908998750000000      -0.108033308799071     
  0.000000000000000E+000  0.908998750000000      -0.100611717879529     
  0.000000000000000E+000  0.908998750000000      -9.294547874830907E-002
  0.000000000000000E+000   1.21133166666667      -0.235674548540782     
  0.000000000000000E+000   1.21133166666667      -0.249311919264832     
  0.000000000000000E+000   1.21133166666667      -0.260794483701574     
  0.000000000000000E+000   1.21133166666667      -0.268543335214763     
  0.000000000000000E+000   1.21133166666667      -0.272922393465951     
  0.000000000000000E+000   1.21133166666667      -0.274599181531310     
  0.000000000000000E+000   1.21133166666667      -0.273781278587777     
  0.000000000000000E+000   1.21133166666667      -0.270811204678882     
  0.000000000000000E+000   1.21133166666667      -0.265963151323758     
  0.000000000000000E+000   1.21133166666667      -0.258846509070227     
  0.000000000000000E+000   1.21133166666667      -0.249144032992242     
  0.000000000000000E+000   1.21133166666667      -0.236816618656150     
  0.000000000000000E+000   1.21133166666667      -0.222312374395282     
  0.000000000000000E+000   1.21133166666667      -0.206716387298603     
  0.000000000000000E+000   1.21133166666667      -0.191276594804818     
  0.000000000000000E+000   1.21133166666667      -0.176996675454273     
  0.000000000000000E+000   1.21133166666667      -0.164238133474069     
  0.000000000000000E+000   1.21133166666667      -0.152866780908951     
  0.000000000000000E+000   1.21133166666667      -0.142635477569469     
  0.000000000000000E+000   1.21133166666667      -0.133466457895054     
  0.000000000000000E+000   1.21133166666667      -0.125086842216021     
  0.000000000000000E+000   1.21133166666667      -0.117225981029712     
  0.000000000000000E+000   1.21133166666667      -0.109508154178176     
  0.000000000000000E+000   1.21133166666667      -0.101669961458797     
  0.000000000000000E+000   1.21133166666667      -9.405398292782474E-002
  0.000000000000000E+000   1.51366458333333      -0.244690266359001     
  0.000000000000000E+000   1.51366458333333      -0.260186914104667     
  0.000000000000000E+000   1.51366458333333      -0.274690642652383     
  0.000000000000000E+000   1.51366458333333      -0.287068699541882     
  0.000000000000000E+000   1.51366458333333      -0.296259426962900     
  0.000000000000000E+000   1.51366458333333      -0.301477889198788     
  0.000000000000000E+000   1.51366458333333      -0.302389534974477     
  0.000000000000000E+000   1.51366458333333      -0.299416213888311     
  0.000000000000000E+000   1.51366458333333      -0.293093355780659     
  0.000000000000000E+000   1.51366458333333      -0.283809770122466     
  0.000000000000000E+000   1.51366458333333      -0.271769847097113     
  0.000000000000000E+000   1.51366458333333      -0.257139486003078     
  0.000000000000000E+000   1.51366458333333      -0.240392120004245     
  0.000000000000000E+000   1.51366458333333      -0.222532097144192     
  0.000000000000000E+000   1.51366458333333      -0.204900481501997     
  0.000000000000000E+000   1.51366458333333      -0.188637802484410     
  0.000000000000000E+000   1.51366458333333      -0.174231225200744     
  0.000000000000000E+000   1.51366458333333      -0.161489657062210     
  0.000000000000000E+000   1.51366458333333      -0.149927019017402     
  0.000000000000000E+000   1.51366458333333      -0.139219038153738     
  0.000000000000000E+000   1.51366458333333      -0.129248628671549     
  0.000000000000000E+000   1.51366458333333      -0.119919511242868     
  0.000000000000000E+000   1.51366458333333      -0.111166273790399     
  0.000000000000000E+000   1.51366458333333      -0.102912848899713     
  0.000000000000000E+000   1.51366458333333      -9.516393254493551E-002
  0.000000000000000E+000   1.81599750000000      -0.260045855130889     
  0.000000000000000E+000   1.81599750000000      -0.278683769017332     
  0.000000000000000E+000   1.81599750000000      -0.297336587856024     
  0.000000000000000E+000   1.81599750000000      -0.314627082572303     
  0.000000000000000E+000   1.81599750000000      -0.328443834451643     
  0.000000000000000E+000   1.81599750000000      -0.336604915527623     
  0.000000000000000E+000   1.81599750000000      -0.337923328419710     
  0.000000000000000E+000   1.81599750000000      -0.332905595704450     
  0.000000000000000E+000   1.81599750000000      -0.322969873043344     
  0.000000000000000E+000   1.81599750000000      -0.309698614098132     
  0.000000000000000E+000   1.81599750000000      -0.294158533773138     
  0.000000000000000E+000   1.81599750000000      -0.276779221948857     
  0.000000000000000E+000   1.81599750000000      -0.257822124601220     
  0.000000000000000E+000   1.81599750000000      -0.237941414873186     
  0.000000000000000E+000   1.81599750000000      -0.218290335999960     
  0.000000000000000E+000   1.81599750000000      -0.200071418318032     
  0.000000000000000E+000   1.81599750000000      -0.183936199560960     
  0.000000000000000E+000   1.81599750000000      -0.169751295023722     
  0.000000000000000E+000   1.81599750000000      -0.156903684432524     
  0.000000000000000E+000   1.81599750000000      -0.144851431884822     
  0.000000000000000E+000   1.81599750000000      -0.133448887552682     
  0.000000000000000E+000   1.81599750000000      -0.122851767335967     
  0.000000000000000E+000   1.81599750000000      -0.113208316761061     
  0.000000000000000E+000   1.81599750000000      -0.104501800263586     
  0.000000000000000E+000   1.81599750000000      -9.654598287539230E-002
  0.000000000000000E+000   2.11833041666667      -0.283347570763431     
  0.000000000000000E+000   2.11833041666667      -0.306615968632638     
  0.000000000000000E+000   2.11833041666667      -0.330913516317687     
  0.000000000000000E+000   2.11833041666667      -0.354041516498818     
  0.000000000000000E+000   2.11833041666667      -0.372163651760842     
  0.000000000000000E+000   2.11833041666667      -0.382007214935704     
  0.000000000000000E+000   2.11833041666667      -0.381885074401350     
  0.000000000000000E+000   2.11833041666667      -0.372424909990759     
  0.000000000000000E+000   2.11833041666667      -0.356264141274723     
  0.000000000000000E+000   2.11833041666667      -0.336647948327184     
  0.000000000000000E+000   2.11833041666667      -0.315917921210402     
  0.000000000000000E+000   2.11833041666667      -0.294924550446074     
  0.000000000000000E+000   2.11833041666667      -0.273581094329310     
  0.000000000000000E+000   2.11833041666667      -0.251887373888500     
  0.000000000000000E+000   2.11833041666667      -0.230514397373749     
  0.000000000000000E+000   2.11833041666667      -0.210556907494253     
  0.000000000000000E+000   2.11833041666667      -0.192811937992864     
  0.000000000000000E+000   2.11833041666667      -0.177284456671826     
  0.000000000000000E+000   2.11833041666667      -0.163330763035535     
  0.000000000000000E+000   2.11833041666667      -0.150254194413248     
  0.000000000000000E+000   2.11833041666667      -0.137807403535784     
  0.000000000000000E+000   2.11833041666667      -0.126212663004514     
  0.000000000000000E+000   2.11833041666667      -0.115795632627877     
  0.000000000000000E+000   2.11833041666667      -0.106653538888720     
  0.000000000000000E+000   2.11833041666667      -9.847372565641643E-002
  0.000000000000000E+000   2.42066333333333      -0.316298552612783     
  0.000000000000000E+000   2.42066333333333      -0.345590343438032     
  0.000000000000000E+000   2.42066333333333      -0.377250866798794     
  0.000000000000000E+000   2.42066333333333      -0.405731633803456     
  0.000000000000000E+000   2.42066333333333      -0.426798861857442     
  0.000000000000000E+000   2.42066333333333      -0.436845563086698     
  0.000000000000000E+000   2.42066333333333      -0.433455462335272     
  0.000000000000000E+000   2.42066333333333      -0.417378343194330     
  0.000000000000000E+000   2.42066333333333      -0.392636178150853     
  0.000000000000000E+000   2.42066333333333      -0.364473626644480     
  0.000000000000000E+000   2.42066333333333      -0.336855269702821     
  0.000000000000000E+000   2.42066333333333      -0.311241136821370     
  0.000000000000000E+000   2.42066333333333      -0.287159077757493     
  0.000000000000000E+000   2.42066333333333      -0.263747461688591     
  0.000000000000000E+000   2.42066333333333      -0.240941753162823     
  0.000000000000000E+000   2.42066333333333      -0.219542730839817     
  0.000000000000000E+000   2.42066333333333      -0.200425638228982     
  0.000000000000000E+000   2.42066333333333      -0.183765000727279     
  0.000000000000000E+000   2.42066333333333      -0.168952731280210     
  0.000000000000000E+000   2.42066333333333      -0.155176685884203     
  0.000000000000000E+000   2.42066333333333      -0.142069724582936     
  0.000000000000000E+000   2.42066333333333      -0.129867205508098     
  0.000000000000000E+000   2.42066333333333      -0.119003633410929     
  0.000000000000000E+000   2.42066333333333      -0.109583376770258     
  0.000000000000000E+000   2.42066333333333      -0.101283183679845     
  0.000000000000000E+000   2.72299625000000      -0.361338064628783     
  0.000000000000000E+000   2.72299625000000      -0.397717132454922     
  0.000000000000000E+000   2.72299625000000      -0.438042151236436     
  0.000000000000000E+000   2.72299625000000      -0.470570165147878     
  0.000000000000000E+000   2.72299625000000      -0.489803618120709     
  0.000000000000000E+000   2.72299625000000      -0.496930869315147     
  0.000000000000000E+000   2.72299625000000      -0.488387987158050     
  0.000000000000000E+000   2.72299625000000      -0.464288726081694     
  0.000000000000000E+000   2.72299625000000      -0.429687278437962     
  0.000000000000000E+000   2.72299625000000      -0.391795139469552     
  0.000000000000000E+000   2.72299625000000      -0.356313363924041     
  0.000000000000000E+000   2.72299625000000      -0.325433027491829     
  0.000000000000000E+000   2.72299625000000      -0.298340500408491     
  0.000000000000000E+000   2.72299625000000      -0.273255992410963     
  0.000000000000000E+000   2.72299625000000      -0.249255377875068     
  0.000000000000000E+000   2.72299625000000      -0.226716254739386     
  0.000000000000000E+000   2.72299625000000      -0.206511645137154     
  0.000000000000000E+000   2.72299625000000      -0.188972565147083     
  0.000000000000000E+000   2.72299625000000      -0.173558244598993     
  0.000000000000000E+000   2.72299625000000      -0.159374655660868     
  0.000000000000000E+000   2.72299625000000      -0.145939836388368     
  0.000000000000000E+000   2.72299625000000      -0.133488440028817     
  0.000000000000000E+000   2.72299625000000      -0.122565588321518     
  0.000000000000000E+000   2.72299625000000      -0.113348081249890     
  0.000000000000000E+000   2.72299625000000      -0.105264535415124     
  0.000000000000000E+000   3.02532916666667      -0.415484584187117     
  0.000000000000000E+000   3.02532916666667      -0.460281869009001     
  0.000000000000000E+000   3.02532916666667      -0.508803692314371     
  0.000000000000000E+000   3.02532916666667      -0.544622510221792     
  0.000000000000000E+000   3.02532916666667      -0.555221462672142     
  0.000000000000000E+000   3.02532916666667      -0.554073597065517     
  0.000000000000000E+000   3.02532916666667      -0.538854518484973     
  0.000000000000000E+000   3.02532916666667      -0.506700314548503     
  0.000000000000000E+000   3.02532916666667      -0.462738055073897     
  0.000000000000000E+000   3.02532916666667      -0.415678899941902     
  0.000000000000000E+000   3.02532916666667      -0.372744531412855     
  0.000000000000000E+000   3.02532916666667      -0.336829690786990     
  0.000000000000000E+000   3.02532916666667      -0.306868552304794     
  0.000000000000000E+000   3.02532916666667      -0.280272871340380     
  0.000000000000000E+000   3.02532916666667      -0.255314173197056     
  0.000000000000000E+000   3.02532916666667      -0.231929176555416     
  0.000000000000000E+000   3.02532916666667      -0.210933963207833     
  0.000000000000000E+000   3.02532916666667      -0.192776304690369     
  0.000000000000000E+000   3.02532916666667      -0.176983944188704     
  0.000000000000000E+000   3.02532916666667      -0.162608975240366     
  0.000000000000000E+000   3.02532916666667      -0.149079842332846     
  0.000000000000000E+000   3.02532916666667      -0.136659817956207     
  0.000000000000000E+000   3.02532916666667      -0.125969618430128     
  0.000000000000000E+000   3.02532916666667      -0.117313161275330     
  0.000000000000000E+000   3.02532916666667      -0.109804594101879     
  0.000000000000000E+000   3.32766208333333      -0.462340916796796     
  0.000000000000000E+000   3.32766208333333      -0.517909232698081     
  0.000000000000000E+000   3.32766208333333      -0.571907205424358     
  0.000000000000000E+000   3.32766208333333      -0.606357295785273     
  0.000000000000000E+000   3.32766208333333      -0.609878779800396     
  0.000000000000000E+000   3.32766208333333      -0.596591489311775     
  0.000000000000000E+000   3.32766208333333      -0.574989144511248     
  0.000000000000000E+000   3.32766208333333      -0.536670067269302     
  0.000000000000000E+000   3.32766208333333      -0.485921781493037     
  0.000000000000000E+000   3.32766208333333      -0.432269703810923     
  0.000000000000000E+000   3.32766208333333      -0.383951592577636     
  0.000000000000000E+000   3.32766208333333      -0.344368619969471     
  0.000000000000000E+000   3.32766208333333      -0.312304984383301     
  0.000000000000000E+000   3.32766208333333      -0.284620340474226     
  0.000000000000000E+000   3.32766208333333      -0.259016229784779     
  0.000000000000000E+000   3.32766208333333      -0.235098433573258     
  0.000000000000000E+000   3.32766208333333      -0.213619038382005     
  0.000000000000000E+000   3.32766208333333      -0.195094376247483     
  0.000000000000000E+000   3.32766208333333      -0.179100245461021     
  0.000000000000000E+000   3.32766208333333      -0.164655257532378     
  0.000000000000000E+000   3.32766208333333      -0.151111125964413     
  0.000000000000000E+000   3.32766208333333      -0.138758474762735     
  0.000000000000000E+000   3.32766208333333      -0.128165112331705     
  0.000000000000000E+000   3.32766208333333      -0.119918831010960     
  0.000000000000000E+000   3.32766208333333      -0.112935270552091     
  0.000000000000000E+000   3.62999500000000      -0.475365849541961     
  0.000000000000000E+000   3.62999500000000      -0.543505514129078     
  0.000000000000000E+000   3.62999500000000      -0.598523653267045     
  0.000000000000000E+000   3.62999500000000      -0.630899790110856     
  0.000000000000000E+000   3.62999500000000      -0.631461097090518     
  0.000000000000000E+000   3.62999500000000      -0.612559103422185     
  0.000000000000000E+000   3.62999500000000      -0.588191443512871     
  0.000000000000000E+000   3.62999500000000      -0.547531695615562     
  0.000000000000000E+000   3.62999500000000      -0.494295345402639     
  0.000000000000000E+000   3.62999500000000      -0.438239177264647     
  0.000000000000000E+000   3.62999500000000      -0.387953769770494     
  0.000000000000000E+000   3.62999500000000      -0.347024019557928     
  0.000000000000000E+000   3.62999500000000      -0.314184713586578     
  0.000000000000000E+000   3.62999500000000      -0.286099677843340     
  0.000000000000000E+000   3.62999500000000      -0.260264758712146     
  0.000000000000000E+000   3.62999500000000      -0.236163254466569     
  0.000000000000000E+000   3.62999500000000      -0.214520052249775     
  0.000000000000000E+000   3.62999500000000      -0.195873636370918     
  0.000000000000000E+000   3.62999500000000      -0.179816694800885     
  0.000000000000000E+000   3.62999500000000      -0.165355141776892     
  0.000000000000000E+000   3.62999500000000      -0.151806744085997     
  0.000000000000000E+000   3.62999500000000      -0.139462301822417     
  0.000000000000000E+000   3.62999500000000      -0.128810012061189     
  0.000000000000000E+000   3.62999500000000      -0.120618238817431     
  0.000000000000000E+000   3.62999500000000      -0.114114985574558     
  0.000000000000000E+000   3.93232791666667      -0.462341857687968     
  0.000000000000000E+000   3.93232791666667      -0.517910628171931     
  0.000000000000000E+000   3.93232791666667      -0.571908325588633     
  0.000000000000000E+000   3.93232791666667      -0.606358284290602     
  0.000000000000000E+000   3.93232791666667      -0.609879480874277     
  0.000000000000000E+000   3.93232791666667      -0.596591783651016     
  0.000000000000000E+000   3.93232791666667      -0.574989307785376     
  0.000000000000000E+000   3.93232791666667      -0.536670169261124     
  0.000000000000000E+000   3.93232791666667      -0.485921829920498     
  0.000000000000000E+000   3.93232791666667      -0.432269705629663     
  0.000000000000000E+000   3.93232791666667      -0.383951568586805     
  0.000000000000000E+000   3.93232791666667      -0.344368581522268     
  0.000000000000000E+000   3.93232791666667      -0.312304928882723     
  0.000000000000000E+000   3.93232791666667      -0.284620289112415     
  0.000000000000000E+000   3.93232791666667      -0.259016187058213     
  0.000000000000000E+000   3.93232791666667      -0.235098399047368     
  0.000000000000000E+000   3.93232791666667      -0.213619010760408     
  0.000000000000000E+000   3.93232791666667      -0.195094348188148     
  0.000000000000000E+000   3.93232791666667      -0.179100215935962     
  0.000000000000000E+000   3.93232791666667      -0.164655223273496     
  0.000000000000000E+000   3.93232791666667      -0.151111072436042     
  0.000000000000000E+000   3.93232791666667      -0.138758387438382     
  0.000000000000000E+000   3.93232791666667      -0.128164996689072     
  0.000000000000000E+000   3.93232791666667      -0.119918723856820     
  0.000000000000000E+000   3.93232791666667      -0.112935206033681     
  0.000000000000000E+000   4.23466083333333      -0.415486119281388     
  0.000000000000000E+000   4.23466083333333      -0.460283436705700     
  0.000000000000000E+000   4.23466083333333      -0.508805220162136     
  0.000000000000000E+000   4.23466083333333      -0.544623832169229     
  0.000000000000000E+000   4.23466083333333      -0.555222313046645     
  0.000000000000000E+000   4.23466083333333      -0.554074028992139     
  0.000000000000000E+000   4.23466083333333      -0.538854770515406     
  0.000000000000000E+000   4.23466083333333      -0.506700468103302     
  0.000000000000000E+000   4.23466083333333      -0.462738120739564     
  0.000000000000000E+000   4.23466083333333      -0.415678890347896     
  0.000000000000000E+000   4.23466083333333      -0.372744468957899     
  0.000000000000000E+000   4.23466083333333      -0.336829595438300     
  0.000000000000000E+000   4.23466083333333      -0.306868451613842     
  0.000000000000000E+000   4.23466083333333      -0.280272778966069     
  0.000000000000000E+000   4.23466083333333      -0.255314096634403     
  0.000000000000000E+000   4.23466083333333      -0.231929119632732     
  0.000000000000000E+000   4.23466083333333      -0.210933912056863     
  0.000000000000000E+000   4.23466083333333      -0.192776253276609     
  0.000000000000000E+000   4.23466083333333      -0.176983890679562     
  0.000000000000000E+000   4.23466083333333      -0.162608913539843     
  0.000000000000000E+000   4.23466083333333      -0.149079757275802     
  0.000000000000000E+000   4.23466083333333      -0.136659681687553     
  0.000000000000000E+000   4.23466083333333      -0.125969450346927     
  0.000000000000000E+000   4.23466083333333      -0.117313009714559     
  0.000000000000000E+000   4.23466083333333      -0.109804518062317     
  0.000000000000000E+000   4.53699375000000      -0.361339319745269     
  0.000000000000000E+000   4.53699375000000      -0.397718370821475     
  0.000000000000000E+000   4.53699375000000      -0.438043344071716     
  0.000000000000000E+000   4.53699375000000      -0.470571200932747     
  0.000000000000000E+000   4.53699375000000      -0.489804245975574     
  0.000000000000000E+000   4.53699375000000      -0.496931255741173     
  0.000000000000000E+000   4.53699375000000      -0.488388222777200     
  0.000000000000000E+000   4.53699375000000      -0.464288862994677     
  0.000000000000000E+000   4.53699375000000      -0.429687304676648     
  0.000000000000000E+000   4.53699375000000      -0.391795086139115     
  0.000000000000000E+000   4.53699375000000      -0.356313240818375     
  0.000000000000000E+000   4.53699375000000      -0.325432880518318     
  0.000000000000000E+000   4.53699375000000      -0.298340358715752     
  0.000000000000000E+000   4.53699375000000      -0.273255870225252     
  0.000000000000000E+000   4.53699375000000      -0.249255281328481     
  0.000000000000000E+000   4.53699375000000      -0.226716168589607     
  0.000000000000000E+000   4.53699375000000      -0.206511571112767     
  0.000000000000000E+000   4.53699375000000      -0.188972487666552     
  0.000000000000000E+000   4.53699375000000      -0.173558166305720     
  0.000000000000000E+000   4.53699375000000      -0.159374570812600     
  0.000000000000000E+000   4.53699375000000      -0.145939726492249     
  0.000000000000000E+000   4.53699375000000      -0.133488285379692     
  0.000000000000000E+000   4.53699375000000      -0.122565401965368     
  0.000000000000000E+000   4.53699375000000      -0.113347916187631     
  0.000000000000000E+000   4.53699375000000      -0.105264433107248     
  0.000000000000000E+000   4.83932666666667      -0.316299268140363     
  0.000000000000000E+000   4.83932666666667      -0.345590994477354     
  0.000000000000000E+000   4.83932666666667      -0.377251486292802     
  0.000000000000000E+000   4.83932666666667      -0.405732147037036     
  0.000000000000000E+000   4.83932666666667      -0.426799213822076     
  0.000000000000000E+000   4.83932666666667      -0.436845813223332     
  0.000000000000000E+000   4.83932666666667      -0.433455613568492     
  0.000000000000000E+000   4.83932666666667      -0.417378404268232     
  0.000000000000000E+000   4.83932666666667      -0.392636154877970     
  0.000000000000000E+000   4.83932666666667      -0.364473524808289     
  0.000000000000000E+000   4.83932666666667      -0.336855104041513     
  0.000000000000000E+000   4.83932666666667      -0.311240959784136     
  0.000000000000000E+000   4.83932666666667      -0.287158914330271     
  0.000000000000000E+000   4.83932666666667      -0.263747329684903     
  0.000000000000000E+000   4.83932666666667      -0.240941643499745     
  0.000000000000000E+000   4.83932666666667      -0.219542637490373     
  0.000000000000000E+000   4.83932666666667      -0.200425550412716     
  0.000000000000000E+000   4.83932666666667      -0.183764912797702     
  0.000000000000000E+000   4.83932666666667      -0.168952641241621     
  0.000000000000000E+000   4.83932666666667      -0.155176580981710     
  0.000000000000000E+000   4.83932666666667      -0.142069594204347     
  0.000000000000000E+000   4.83932666666667      -0.129867039735272     
  0.000000000000000E+000   4.83932666666667      -0.119003425692055     
  0.000000000000000E+000   4.83932666666667      -0.109583148899563     
  0.000000000000000E+000   4.83932666666667      -0.101282983354249     
  0.000000000000000E+000   5.14165958333333      -0.283347847146750     
  0.000000000000000E+000   5.14165958333333      -0.306616209286814     
  0.000000000000000E+000   5.14165958333333      -0.330913691486198     
  0.000000000000000E+000   5.14165958333333      -0.354041677432600     
  0.000000000000000E+000   5.14165958333333      -0.372163752336440     
  0.000000000000000E+000   5.14165958333333      -0.382007281123509     
  0.000000000000000E+000   5.14165958333333      -0.381885112745444     
  0.000000000000000E+000   5.14165958333333      -0.372424895907220     
  0.000000000000000E+000   5.14165958333333      -0.356264048065858     
  0.000000000000000E+000   5.14165958333333      -0.336647809514435     
  0.000000000000000E+000   5.14165958333333      -0.315917739845735     
  0.000000000000000E+000   5.14165958333333      -0.294924370511501     
  0.000000000000000E+000   5.14165958333333      -0.273580934058939     
  0.000000000000000E+000   5.14165958333333      -0.251887244147315     
  0.000000000000000E+000   5.14165958333333      -0.230514299145029     
  0.000000000000000E+000   5.14165958333333      -0.210556819355864     
  0.000000000000000E+000   5.14165958333333      -0.192811850207588     
  0.000000000000000E+000   5.14165958333333      -0.177284366039030     
  0.000000000000000E+000   5.14165958333333      -0.163330664260209     
  0.000000000000000E+000   5.14165958333333      -0.150254065007450     
  0.000000000000000E+000   5.14165958333333      -0.137807240126039     
  0.000000000000000E+000   5.14165958333333      -0.126212460087224     
  0.000000000000000E+000   5.14165958333333      -0.115795391209180     
  0.000000000000000E+000   5.14165958333333      -0.106653291312929     
  0.000000000000000E+000   5.14165958333333      -9.847349151892125E-002
  0.000000000000000E+000   5.44399250000000      -0.260045712829063     
  0.000000000000000E+000   5.44399250000000      -0.278683600434296     
  0.000000000000000E+000   5.44399250000000      -0.297336412149094     
  0.000000000000000E+000   5.44399250000000      -0.314626927770950     
  0.000000000000000E+000   5.44399250000000      -0.328443687308812     
  0.000000000000000E+000   5.44399250000000      -0.336604815671896     
  0.000000000000000E+000   5.44399250000000      -0.337923250956454     
  0.000000000000000E+000   5.44399250000000      -0.332905511502065     
  0.000000000000000E+000   5.44399250000000      -0.322969749662017     
  0.000000000000000E+000   5.44399250000000      -0.309698470109964     
  0.000000000000000E+000   5.44399250000000      -0.294158363929386     
  0.000000000000000E+000   5.44399250000000      -0.276779068484175     
  0.000000000000000E+000   5.44399250000000      -0.257821994676492     
  0.000000000000000E+000   5.44399250000000      -0.237941315540753     
  0.000000000000000E+000   5.44399250000000      -0.218290252569787     
  0.000000000000000E+000   5.44399250000000      -0.200071334115665     
  0.000000000000000E+000   5.44399250000000      -0.183936117149803     
  0.000000000000000E+000   5.44399250000000      -0.169751198256707     
  0.000000000000000E+000   5.44399250000000      -0.156903558179940     
  0.000000000000000E+000   5.44399250000000      -0.144851266815023     
  0.000000000000000E+000   5.44399250000000      -0.133448673341139     
  0.000000000000000E+000   5.44399250000000      -0.122851516475138     
  0.000000000000000E+000   5.44399250000000      -0.113208045751600     
  0.000000000000000E+000   5.44399250000000      -0.104501525793413     
  0.000000000000000E+000   5.44399250000000      -9.654572240719242E-002
  0.000000000000000E+000   5.74632541666667      -0.244689793004938     
  0.000000000000000E+000   5.74632541666667      -0.260186435618277     
  0.000000000000000E+000   5.74632541666667      -0.274690195434209     
  0.000000000000000E+000   5.74632541666667      -0.287068288303789     
  0.000000000000000E+000   5.74632541666667      -0.296259082468359     
  0.000000000000000E+000   5.74632541666667      -0.301477624398085     
  0.000000000000000E+000   5.74632541666667      -0.302389360388721     
  0.000000000000000E+000   5.74632541666667      -0.299416076050407     
  0.000000000000000E+000   5.74632541666667      -0.293093233231511     
  0.000000000000000E+000   5.74632541666667      -0.283809657752468     
  0.000000000000000E+000   5.74632541666667      -0.271769739676483     
  0.000000000000000E+000   5.74632541666667      -0.257139402541425     
  0.000000000000000E+000   5.74632541666667      -0.240392051264322     
  0.000000000000000E+000   5.74632541666667      -0.222532033262382     
  0.000000000000000E+000   5.74632541666667      -0.204900418857458     
  0.000000000000000E+000   5.74632541666667      -0.188637729908201     
  0.000000000000000E+000   5.74632541666667      -0.174231133194861     
  0.000000000000000E+000   5.74632541666667      -0.161489537692452     
  0.000000000000000E+000   5.74632541666667      -0.149926867307742     
  0.000000000000000E+000   5.74632541666667      -0.139218834191397     
  0.000000000000000E+000   5.74632541666667      -0.129248378879551     
  0.000000000000000E+000   5.74632541666667      -0.119919233915105     
  0.000000000000000E+000   5.74632541666667      -0.111165989552886     
  0.000000000000000E+000   5.74632541666667      -0.102912578651081     
  0.000000000000000E+000   5.74632541666667      -9.516367942609297E-002
  0.000000000000000E+000   6.04865833333333      -0.235673801831968     
  0.000000000000000E+000   6.04865833333333      -0.249311174932108     
  0.000000000000000E+000   6.04865833333333      -0.260793799182183     
  0.000000000000000E+000   6.04865833333333      -0.268542776339008     
  0.000000000000000E+000   6.04865833333333      -0.272921976364536     
  0.000000000000000E+000   6.04865833333333      -0.274598878647675     
  0.000000000000000E+000   6.04865833333333      -0.273781075607339     
  0.000000000000000E+000   6.04865833333333      -0.270811076191401     
  0.000000000000000E+000   6.04865833333333      -0.265963073552013     
  0.000000000000000E+000   6.04865833333333      -0.258846454636978     
  0.000000000000000E+000   6.04865833333333      -0.249144006529196     
  0.000000000000000E+000   6.04865833333333      -0.236816602909408     
  0.000000000000000E+000   6.04865833333333      -0.222312367763679     
  0.000000000000000E+000   6.04865833333333      -0.206716347668822     
  0.000000000000000E+000   6.04865833333333      -0.191276528210810     
  0.000000000000000E+000   6.04865833333333      -0.176996587276924     
  0.000000000000000E+000   6.04865833333333      -0.164238022068754     
  0.000000000000000E+000   6.04865833333333      -0.152866637203547     
  0.000000000000000E+000   6.04865833333333      -0.142635290988989     
  0.000000000000000E+000   6.04865833333333      -0.133466227642442     
  0.000000000000000E+000   6.04865833333333      -0.125086579140312     
  0.000000000000000E+000   6.04865833333333      -0.117225702207273     
  0.000000000000000E+000   6.04865833333333      -0.109507886474497     
  0.000000000000000E+000   6.04865833333333      -0.101669724353605     
  0.000000000000000E+000   6.04865833333333      -9.405377098218025E-002
  0.000000000000000E+000   6.35099125000000      -0.230683085747887     
  0.000000000000000E+000   6.35099125000000      -0.243885175510707     
  0.000000000000000E+000   6.35099125000000      -0.252748055292887     
  0.000000000000000E+000   6.35099125000000      -0.255170148946871     
  0.000000000000000E+000   6.35099125000000      -0.254329984819621     
  0.000000000000000E+000   6.35099125000000      -0.252251781715331     
  0.000000000000000E+000   6.35099125000000      -0.249316856644400     
  0.000000000000000E+000   6.35099125000000      -0.245499333471504     
  0.000000000000000E+000   6.35099125000000      -0.240949871087451     
  0.000000000000000E+000   6.35099125000000      -0.235048669758342     
  0.000000000000000E+000   6.35099125000000      -0.227051101343568     
  0.000000000000000E+000   6.35099125000000      -0.216475021252064     
  0.000000000000000E+000   6.35099125000000      -0.204164213071579     
  0.000000000000000E+000   6.35099125000000      -0.191346417527409     
  0.000000000000000E+000   6.35099125000000      -0.178412209795168     
  0.000000000000000E+000   6.35099125000000      -0.165889968280938     
  0.000000000000000E+000   6.35099125000000      -0.154453738056826     
  0.000000000000000E+000   6.35099125000000      -0.144170474954191     
  0.000000000000000E+000   6.35099125000000      -0.135163224808329     
  0.000000000000000E+000   6.35099125000000      -0.127428761942692     
  0.000000000000000E+000   6.35099125000000      -0.120642610294284     
  0.000000000000000E+000   6.35099125000000      -0.114429189184058     
  0.000000000000000E+000   6.35099125000000      -0.108033080707659     
  0.000000000000000E+000   6.35099125000000      -0.100611505992106     
  0.000000000000000E+000   6.35099125000000      -9.294530046907537E-002
  0.000000000000000E+000   6.65332416666666      -0.225446150606066     
  0.000000000000000E+000   6.65332416666666      -0.239576572544571     
  0.000000000000000E+000   6.65332416666666      -0.244749278025183     
  0.000000000000000E+000   6.65332416666666      -0.241261229797339     
  0.000000000000000E+000   6.65332416666666      -0.236078667898979     
  0.000000000000000E+000   6.65332416666666      -0.231292805351634     
  0.000000000000000E+000   6.65332416666666      -0.226760910250218     
  0.000000000000000E+000   6.65332416666666      -0.222315203653588     
  0.000000000000000E+000   6.65332416666666      -0.217957689724780     
  0.000000000000000E+000   6.65332416666666      -0.213110371624784     
  0.000000000000000E+000   6.65332416666666      -0.206631208454846     
  0.000000000000000E+000   6.65332416666666      -0.197619324835509     
  0.000000000000000E+000   6.65332416666666      -0.187705804288490     
  0.000000000000000E+000   6.65332416666666      -0.178243256273470     
  0.000000000000000E+000   6.65332416666666      -0.167669735802851     
  0.000000000000000E+000   6.65332416666666      -0.156053081867472     
  0.000000000000000E+000   6.65332416666666      -0.145167994413581     
  0.000000000000000E+000   6.65332416666666      -0.135529121054877     
  0.000000000000000E+000   6.65332416666666      -0.127486281200234     
  0.000000000000000E+000   6.65332416666666      -0.120897426747106     
  0.000000000000000E+000   6.65332416666666      -0.115460920873804     
  0.000000000000000E+000   6.65332416666666      -0.110826387139345     
  0.000000000000000E+000   6.65332416666666      -0.106076874358336     
  0.000000000000000E+000   6.65332416666666      -9.947956061681386E-002
  0.000000000000000E+000   6.65332416666666      -9.155400264957678E-002
  0.000000000000000E+000   6.95565708333333      -0.211224087620850     
  0.000000000000000E+000   6.95565708333333      -0.226527011837885     
  0.000000000000000E+000   6.95565708333333      -0.227268404466790     
  0.000000000000000E+000   6.95565708333333      -0.221368420686389     
  0.000000000000000E+000   6.95565708333333      -0.215642001993731     
  0.000000000000000E+000   6.95565708333333      -0.210399261158734     
  0.000000000000000E+000   6.95565708333333      -0.205469522788607     
  0.000000000000000E+000   6.95565708333333      -0.201009245058412     
  0.000000000000000E+000   6.95565708333333      -0.197311003113970     
  0.000000000000000E+000   6.95565708333333      -0.194117230561607     
  0.000000000000000E+000   6.95565708333333      -0.190189420917596     
  0.000000000000000E+000   6.95565708333333      -0.183859692185606     
  0.000000000000000E+000   6.95565708333333      -0.176747122751781     
  0.000000000000000E+000   6.95565708333333      -0.169695275206731     
  0.000000000000000E+000   6.95565708333333      -0.159729637217610     
  0.000000000000000E+000   6.95565708333333      -0.147645843154921     
  0.000000000000000E+000   6.95565708333333      -0.136328617399215     
  0.000000000000000E+000   6.95565708333333      -0.126963345713527     
  0.000000000000000E+000   6.95565708333333      -0.119589155023182     
  0.000000000000000E+000   6.95565708333333      -0.113844412800165     
  0.000000000000000E+000   6.95565708333333      -0.109316182763722     
  0.000000000000000E+000   6.95565708333333      -0.105611389656507     
  0.000000000000000E+000   6.95565708333333      -0.102053315241876     
  0.000000000000000E+000   6.95565708333333      -9.679464739582384E-002
  0.000000000000000E+000   6.95565708333333      -8.877727038988209E-002
  0.000000000000000E+000   7.25799000000000      -0.190483434951510     
  0.000000000000000E+000   7.25799000000000      -0.201472102275976     
  0.000000000000000E+000   7.25799000000000      -0.202154829886149     
  0.000000000000000E+000   7.25799000000000      -0.199025400519634     
  0.000000000000000E+000   7.25799000000000      -0.195147266984692     
  0.000000000000000E+000   7.25799000000000      -0.190635915427276     
  0.000000000000000E+000   7.25799000000000      -0.186008671826384     
  0.000000000000000E+000   7.25799000000000      -0.181979745052889     
  0.000000000000000E+000   7.25799000000000      -0.179306818491499     
  0.000000000000000E+000   7.25799000000000      -0.178138991279942     
  0.000000000000000E+000   7.25799000000000      -0.177553032629425     
  0.000000000000000E+000   7.25799000000000      -0.174773446828509     
  0.000000000000000E+000   7.25799000000000      -0.168940552109614     
  0.000000000000000E+000   7.25799000000000      -0.161182042709017     
  0.000000000000000E+000   7.25799000000000      -0.151180713261326     
  0.000000000000000E+000   7.25799000000000      -0.138771641463356     
  0.000000000000000E+000   7.25799000000000      -0.127366665881044     
  0.000000000000000E+000   7.25799000000000      -0.118308269848688     
  0.000000000000000E+000   7.25799000000000      -0.111595527648036     
  0.000000000000000E+000   7.25799000000000      -0.106579766943630     
  0.000000000000000E+000   7.25799000000000      -0.102736743189640     
  0.000000000000000E+000   7.25799000000000      -9.951526201226257E-002
  0.000000000000000E+000   7.25799000000000      -9.613478992137471E-002
  0.000000000000000E+000   7.25799000000000      -9.080885175096848E-002
  0.000000000000000E+000   7.25799000000000      -8.338990267924500E-002
