  0.000000000000000E+000  2.000000000000000E-003  -1.83958695602850     
  0.000000000000000E+000  2.000000000000000E-003  -1.67530928040993     
  0.000000000000000E+000  2.000000000000000E-003  -1.46949404742855     
  0.000000000000000E+000  2.000000000000000E-003  -1.18228230337601     
  0.000000000000000E+000  2.000000000000000E-003 -0.911540881494457     
  0.000000000000000E+000  2.000000000000000E-003 -0.708674447234978     
  0.000000000000000E+000  2.000000000000000E-003 -0.563848013134821     
  0.000000000000000E+000  2.000000000000000E-003 -0.457683042961105     
  0.000000000000000E+000  2.000000000000000E-003 -0.377215187409811     
  0.000000000000000E+000  2.000000000000000E-003 -0.316982675958752     
  0.000000000000000E+000  2.000000000000000E-003 -0.274216996154187     
  0.000000000000000E+000  2.000000000000000E-003 -0.244885713141303     
  0.000000000000000E+000  2.000000000000000E-003 -0.225557081249739     
  0.000000000000000E+000  2.000000000000000E-003 -0.198216340786316     
  0.000000000000000E+000  2.000000000000000E-003 -0.176257115570848     
  0.000000000000000E+000  2.000000000000000E-003 -0.158257870682109     
  0.000000000000000E+000  2.000000000000000E-003 -0.143684730975276     
  0.000000000000000E+000  2.000000000000000E-003 -0.132006785933985     
  0.000000000000000E+000  2.000000000000000E-003 -0.122727770899902     
  0.000000000000000E+000  2.000000000000000E-003 -0.115438862092014     
  0.000000000000000E+000  2.000000000000000E-003 -0.109786053285448     
  0.000000000000000E+000  2.000000000000000E-003 -0.105499174051424     
  0.000000000000000E+000  2.000000000000000E-003 -0.101828073805658     
  0.000000000000000E+000  2.000000000000000E-003 -9.771154511896943E-002
  0.000000000000000E+000  2.000000000000000E-003 -9.347061650459507E-002
  0.000000000000000E+000  0.304332916666667       -1.67512358643416     
  0.000000000000000E+000  0.304332916666667       -1.62114072790775     
  0.000000000000000E+000  0.304332916666667       -1.43070212134555     
  0.000000000000000E+000  0.304332916666667       -1.14842834529090     
  0.000000000000000E+000  0.304332916666667      -0.889726510664168     
  0.000000000000000E+000  0.304332916666667      -0.695623963837223     
  0.000000000000000E+000  0.304332916666667      -0.555886217734698     
  0.000000000000000E+000  0.304332916666667      -0.452901802169373     
  0.000000000000000E+000  0.304332916666667      -0.374675795957307     
  0.000000000000000E+000  0.304332916666667      -0.315717024321190     
  0.000000000000000E+000  0.304332916666667      -0.274040660079642     
  0.000000000000000E+000  0.304332916666667      -0.245389914914334     
  0.000000000000000E+000  0.304332916666667      -0.223243981640760     
  0.000000000000000E+000  0.304332916666667      -0.199155707225887     
  0.000000000000000E+000  0.304332916666667      -0.176870814002107     
  0.000000000000000E+000  0.304332916666667      -0.158437787867449     
  0.000000000000000E+000  0.304332916666667      -0.143708644383669     
  0.000000000000000E+000  0.304332916666667      -0.131896073435769     
  0.000000000000000E+000  0.304332916666667      -0.122490465375982     
  0.000000000000000E+000  0.304332916666667      -0.115048659971820     
  0.000000000000000E+000  0.304332916666667      -0.109162878365564     
  0.000000000000000E+000  0.304332916666667      -0.104561880454717     
  0.000000000000000E+000  0.304332916666667      -0.100659360262006     
  0.000000000000000E+000  0.304332916666667      -9.647957652844670E-002
  0.000000000000000E+000  0.304332916666667      -9.148896069514750E-002
  0.000000000000000E+000  0.606665833333333       -1.46920117996534     
  0.000000000000000E+000  0.606665833333333       -1.43052682990057     
  0.000000000000000E+000  0.606665833333333       -1.27222295435201     
  0.000000000000000E+000  0.606665833333333       -1.04104007250909     
  0.000000000000000E+000  0.606665833333333      -0.825509853963439     
  0.000000000000000E+000  0.606665833333333      -0.657903377941963     
  0.000000000000000E+000  0.606665833333333      -0.532932515827635     
  0.000000000000000E+000  0.606665833333333      -0.438696580056255     
  0.000000000000000E+000  0.606665833333333      -0.366717452124113     
  0.000000000000000E+000  0.606665833333333      -0.311298443052668     
  0.000000000000000E+000  0.606665833333333      -0.271630968540614     
  0.000000000000000E+000  0.606665833333333      -0.243482766580998     
  0.000000000000000E+000  0.606665833333333      -0.220712670018663     
  0.000000000000000E+000  0.606665833333333      -0.198170521807031     
  0.000000000000000E+000  0.606665833333333      -0.176614547357826     
  0.000000000000000E+000  0.606665833333333      -0.158206982263322     
  0.000000000000000E+000  0.606665833333333      -0.143413950585488     
  0.000000000000000E+000  0.606665833333333      -0.131370862195254     
  0.000000000000000E+000  0.606665833333333      -0.121714298753426     
  0.000000000000000E+000  0.606665833333333      -0.113871641085760     
  0.000000000000000E+000  0.606665833333333      -0.107383407095707     
  0.000000000000000E+000  0.606665833333333      -0.102016601505318     
  0.000000000000000E+000  0.606665833333333      -9.748345886788841E-002
  0.000000000000000E+000  0.606665833333333      -9.324614177791531E-002
  0.000000000000000E+000  0.606665833333333      -8.811724225045320E-002
  0.000000000000000E+000  0.908998750000000       -1.18202131283578     
  0.000000000000000E+000  0.908998750000000       -1.14822857164716     
  0.000000000000000E+000  0.908998750000000       -1.04095626678014     
  0.000000000000000E+000  0.908998750000000      -0.886156772045909     
  0.000000000000000E+000  0.908998750000000      -0.731594473070855     
  0.000000000000000E+000  0.908998750000000      -0.601314868971557     
  0.000000000000000E+000  0.908998750000000      -0.497725290837532     
  0.000000000000000E+000  0.908998750000000      -0.416415181179787     
  0.000000000000000E+000  0.908998750000000      -0.352755571239165     
  0.000000000000000E+000  0.908998750000000      -0.303018782393273     
  0.000000000000000E+000  0.908998750000000      -0.265524816998067     
  0.000000000000000E+000  0.908998750000000      -0.237638450779814     
  0.000000000000000E+000  0.908998750000000      -0.214814384878763     
  0.000000000000000E+000  0.908998750000000      -0.193700280927185     
  0.000000000000000E+000  0.908998750000000      -0.173943795122993     
  0.000000000000000E+000  0.908998750000000      -0.156643562490483     
  0.000000000000000E+000  0.908998750000000      -0.142188536311629     
  0.000000000000000E+000  0.908998750000000      -0.130178330095171     
  0.000000000000000E+000  0.908998750000000      -0.120249599690544     
  0.000000000000000E+000  0.908998750000000      -0.111904525135358     
  0.000000000000000E+000  0.908998750000000      -0.104689397987546     
  0.000000000000000E+000  0.908998750000000      -9.841890904050543E-002
  0.000000000000000E+000  0.908998750000000      -9.297637651749331E-002
  0.000000000000000E+000  0.908998750000000      -8.799168853720742E-002
  0.000000000000000E+000  0.908998750000000      -8.248683510451110E-002
  0.000000000000000E+000   1.21133166666667      -0.911351897134822     
  0.000000000000000E+000   1.21133166666667      -0.889568097059884     
  0.000000000000000E+000   1.21133166666667      -0.825417016343657     
  0.000000000000000E+000   1.21133166666667      -0.731560680820078     
  0.000000000000000E+000   1.21133166666667      -0.629793640077416     
  0.000000000000000E+000   1.21133166666667      -0.535738316241282     
  0.000000000000000E+000   1.21133166666667      -0.455026179256678     
  0.000000000000000E+000   1.21133166666667      -0.388253825491058     
  0.000000000000000E+000   1.21133166666667      -0.334043126476039     
  0.000000000000000E+000   1.21133166666667      -0.290645069730919     
  0.000000000000000E+000   1.21133166666667      -0.256418945267847     
  0.000000000000000E+000   1.21133166666667      -0.229452359657985     
  0.000000000000000E+000   1.21133166666667      -0.207210154919895     
  0.000000000000000E+000   1.21133166666667      -0.187494678338728     
  0.000000000000000E+000   1.21133166666667      -0.169592564359987     
  0.000000000000000E+000   1.21133166666667      -0.153702471382763     
  0.000000000000000E+000   1.21133166666667      -0.139920240598136     
  0.000000000000000E+000   1.21133166666667      -0.128103215137338     
  0.000000000000000E+000   1.21133166666667      -0.117985770524202     
  0.000000000000000E+000   1.21133166666667      -0.109179856246653     
  0.000000000000000E+000   1.21133166666667      -0.101325633268591     
  0.000000000000000E+000   1.21133166666667      -9.430447905163580E-002
  0.000000000000000E+000   1.21133166666667      -8.806000012837358E-002
  0.000000000000000E+000   1.21133166666667      -8.234538983510897E-002
  0.000000000000000E+000   1.21133166666667      -7.654551250768189E-002
  0.000000000000000E+000   1.51366458333333      -0.708554628821972     
  0.000000000000000E+000   1.51366458333333      -0.695518889992855     
  0.000000000000000E+000   1.51366458333333      -0.657832391791623     
  0.000000000000000E+000   1.51366458333333      -0.601278743962130     
  0.000000000000000E+000   1.51366458333333      -0.535726258358675     
  0.000000000000000E+000   1.51366458333333      -0.470123671765003     
  0.000000000000000E+000   1.51366458333333      -0.409809079529783     
  0.000000000000000E+000   1.51366458333333      -0.357182746683292     
  0.000000000000000E+000   1.51366458333333      -0.312546490342309     
  0.000000000000000E+000   1.51366458333333      -0.275441937251606     
  0.000000000000000E+000   1.51366458333333      -0.245015705602322     
  0.000000000000000E+000   1.51366458333333      -0.220044394135432     
  0.000000000000000E+000   1.51366458333333      -0.199057064045501     
  0.000000000000000E+000   1.51366458333333      -0.180754383396698     
  0.000000000000000E+000   1.51366458333333      -0.164399464852396     
  0.000000000000000E+000   1.51366458333333      -0.149741894796149     
  0.000000000000000E+000   1.51366458333333      -0.136696504268738     
  0.000000000000000E+000   1.51366458333333      -0.125148078848957     
  0.000000000000000E+000   1.51366458333333      -0.114918982729599     
  0.000000000000000E+000   1.51366458333333      -0.105790053152808     
  0.000000000000000E+000   1.51366458333333      -9.751249957294135E-002
  0.000000000000000E+000   1.51366458333333      -9.002751550685958E-002
  0.000000000000000E+000   1.51366458333333      -8.332044996598427E-002
  0.000000000000000E+000   1.51366458333333      -7.722606794073217E-002
  0.000000000000000E+000   1.51366458333333      -7.135655618784720E-002
  0.000000000000000E+000   1.81599750000000      -0.563781026168356     
  0.000000000000000E+000   1.81599750000000      -0.555825922722986     
  0.000000000000000E+000   1.81599750000000      -0.532888255907505     
  0.000000000000000E+000   1.81599750000000      -0.497698886931417     
  0.000000000000000E+000   1.81599750000000      -0.455013542210292     
  0.000000000000000E+000   1.81599750000000      -0.409804717658809     
  0.000000000000000E+000   1.81599750000000      -0.365970348069783     
  0.000000000000000E+000   1.81599750000000      -0.325696312748591     
  0.000000000000000E+000   1.81599750000000      -0.289906363821144     
  0.000000000000000E+000   1.81599750000000      -0.258842907842424     
  0.000000000000000E+000   1.81599750000000      -0.232317345775150     
  0.000000000000000E+000   1.81599750000000      -0.209790004850544     
  0.000000000000000E+000   1.81599750000000      -0.190483892327604     
  0.000000000000000E+000   1.81599750000000      -0.173603091171899     
  0.000000000000000E+000   1.81599750000000      -0.158541962367459     
  0.000000000000000E+000   1.81599750000000      -0.144939547974010     
  0.000000000000000E+000   1.81599750000000      -0.132599194063882     
  0.000000000000000E+000   1.81599750000000      -0.121390736021160     
  0.000000000000000E+000   1.81599750000000      -0.111202705419515     
  0.000000000000000E+000   1.81599750000000      -0.101933700698054     
  0.000000000000000E+000   1.81599750000000      -9.348463755688992E-002
  0.000000000000000E+000   1.81599750000000      -8.582132279636540E-002
  0.000000000000000E+000   1.81599750000000      -7.895353749969899E-002
  0.000000000000000E+000   1.81599750000000      -7.275186498493884E-002
  0.000000000000000E+000   1.81599750000000      -6.694763405266572E-002
  0.000000000000000E+000   2.11833041666667      -0.457652095357740     
  0.000000000000000E+000   2.11833041666667      -0.452873051751599     
  0.000000000000000E+000   2.11833041666667      -0.438673589333539     
  0.000000000000000E+000   2.11833041666667      -0.416399054622499     
  0.000000000000000E+000   2.11833041666667      -0.388243888485948     
  0.000000000000000E+000   2.11833041666667      -0.357177377532092     
  0.000000000000000E+000   2.11833041666667      -0.325694046071069     
  0.000000000000000E+000   2.11833041666667      -0.295398914762044     
  0.000000000000000E+000   2.11833041666667      -0.267205545040016     
  0.000000000000000E+000   2.11833041666667      -0.241616467343515     
  0.000000000000000E+000   2.11833041666667      -0.218853071319295     
  0.000000000000000E+000   2.11833041666667      -0.198867694692688     
  0.000000000000000E+000   2.11833041666667      -0.181364238316186     
  0.000000000000000E+000   2.11833041666667      -0.165898317314722     
  0.000000000000000E+000   2.11833041666667      -0.152018662383084     
  0.000000000000000E+000   2.11833041666667      -0.139370207559547     
  0.000000000000000E+000   2.11833041666667      -0.127722566293878     
  0.000000000000000E+000   2.11833041666667      -0.116949220599374     
  0.000000000000000E+000   2.11833041666667      -0.106995307832522     
  0.000000000000000E+000   2.11833041666667      -9.784810180512012E-002
  0.000000000000000E+000   2.11833041666667      -8.950379594844195E-002
  0.000000000000000E+000   2.11833041666667      -8.193485672986305E-002
  0.000000000000000E+000   2.11833041666667      -7.509067197800826E-002
  0.000000000000000E+000   2.11833041666667      -6.891587884036701E-002
  0.000000000000000E+000   2.11833041666667      -6.319913268756894E-002
  0.000000000000000E+000   2.42066333333333      -0.377207954222938     
  0.000000000000000E+000   2.42066333333333      -0.374667768132763     
  0.000000000000000E+000   2.42066333333333      -0.366708145052546     
  0.000000000000000E+000   2.42066333333333      -0.352746590527094     
  0.000000000000000E+000   2.42066333333333      -0.334035677609527     
  0.000000000000000E+000   2.42066333333333      -0.312540895768170     
  0.000000000000000E+000   2.42066333333333      -0.289902644814359     
  0.000000000000000E+000   2.42066333333333      -0.267203730949106     
  0.000000000000000E+000   2.42066333333333      -0.245144469674132     
  0.000000000000000E+000   2.42066333333333      -0.224248148863776     
  0.000000000000000E+000   2.42066333333333      -0.204924388286107     
  0.000000000000000E+000   2.42066333333333      -0.187413054629124     
  0.000000000000000E+000   2.42066333333333      -0.171723460261570     
  0.000000000000000E+000   2.42066333333333      -0.157655230628365     
  0.000000000000000E+000   2.42066333333333      -0.144899558949470     
  0.000000000000000E+000   2.42066333333333      -0.133158191434864     
  0.000000000000000E+000   2.42066333333333      -0.122221712365303     
  0.000000000000000E+000   2.42066333333333      -0.111990814725580     
  0.000000000000000E+000   2.42066333333333      -0.102456824851286     
  0.000000000000000E+000   2.42066333333333      -9.366117963174088E-002
  0.000000000000000E+000   2.42066333333333      -8.564391558948262E-002
  0.000000000000000E+000   2.42066333333333      -7.839096903417618E-002
  0.000000000000000E+000   2.42066333333333      -7.180444078512611E-002
  0.000000000000000E+000   2.42066333333333      -6.574459029054459E-002
  0.000000000000000E+000   2.42066333333333      -6.012776577927685E-002
  0.000000000000000E+000   2.72299625000000      -0.316988300391955     
  0.000000000000000E+000   2.72299625000000      -0.315720287577285     
  0.000000000000000E+000   2.72299625000000      -0.311296911726989     
  0.000000000000000E+000   2.72299625000000      -0.303013404556443     
  0.000000000000000E+000   2.72299625000000      -0.290638568713485     
  0.000000000000000E+000   2.72299625000000      -0.275435993866468     
  0.000000000000000E+000   2.72299625000000      -0.258838223192566     
  0.000000000000000E+000   2.72299625000000      -0.241613418120406     
  0.000000000000000E+000   2.72299625000000      -0.224246803473540     
  0.000000000000000E+000   2.72299625000000      -0.207181644427482     
  0.000000000000000E+000   2.72299625000000      -0.190865744381509     
  0.000000000000000E+000   2.72299625000000      -0.175659631907008     
  0.000000000000000E+000   2.72299625000000      -0.161730421855909     
  0.000000000000000E+000   2.72299625000000      -0.149028209139623     
  0.000000000000000E+000   2.72299625000000      -0.137359990817763     
  0.000000000000000E+000   2.72299625000000      -0.126505540917284     
  0.000000000000000E+000   2.72299625000000      -0.116308795741764     
  0.000000000000000E+000   2.72299625000000      -0.106712699622156     
  0.000000000000000E+000   2.72299625000000      -9.774410696507879E-002
  0.000000000000000E+000   2.72299625000000      -8.947085224162128E-002
  0.000000000000000E+000   2.72299625000000      -8.194639782691153E-002
  0.000000000000000E+000   2.72299625000000      -7.514453989558396E-002
  0.000000000000000E+000   2.72299625000000      -6.897485258173616E-002
  0.000000000000000E+000   2.72299625000000      -6.327431028279114E-002
  0.000000000000000E+000   2.72299625000000      -5.781208447871840E-002
  0.000000000000000E+000   3.02532916666667      -0.274222452675299     
  0.000000000000000E+000   3.02532916666667      -0.274043107241596     
  0.000000000000000E+000   3.02532916666667      -0.271628587867557     
  0.000000000000000E+000   3.02532916666667      -0.265519318484642     
  0.000000000000000E+000   3.02532916666667      -0.256412363672025     
  0.000000000000000E+000   3.02532916666667      -0.245009714945008     
  0.000000000000000E+000   3.02532916666667      -0.232312580499032     
  0.000000000000000E+000   3.02532916666667      -0.218849806889676     
  0.000000000000000E+000   3.02532916666667      -0.204922633823511     
  0.000000000000000E+000   3.02532916666667      -0.190865181816808     
  0.000000000000000E+000   3.02532916666667      -0.177080395579956     
  0.000000000000000E+000   3.02532916666667      -0.163937425471759     
  0.000000000000000E+000   3.02532916666667      -0.151653176294875     
  0.000000000000000E+000   3.02532916666667      -0.140253538651288     
  0.000000000000000E+000   3.02532916666667      -0.129630424487155     
  0.000000000000000E+000   3.02532916666667      -0.119643421119773     
  0.000000000000000E+000   3.02532916666667      -0.110201803175520     
  0.000000000000000E+000   3.02532916666667      -0.101293934478715     
  0.000000000000000E+000   3.02532916666667      -9.297172803994440E-002
  0.000000000000000E+000   3.02532916666667      -8.531439438365483E-002
  0.000000000000000E+000   3.02532916666667      -7.839097443910449E-002
  0.000000000000000E+000   3.02532916666667      -7.223228670106249E-002
  0.000000000000000E+000   3.02532916666667      -6.672436937989122E-002
  0.000000000000000E+000   3.02532916666667      -6.143608721638355E-002
  0.000000000000000E+000   3.02532916666667      -5.602716288407823E-002
  0.000000000000000E+000   3.32766208333333      -0.244876311549889     
  0.000000000000000E+000   3.32766208333333      -0.245379846030500     
  0.000000000000000E+000   3.32766208333333      -0.243474702464449     
  0.000000000000000E+000   3.32766208333333      -0.237631891239457     
  0.000000000000000E+000   3.32766208333333      -0.229446511042114     
  0.000000000000000E+000   3.32766208333333      -0.220039679673277     
  0.000000000000000E+000   3.32766208333333      -0.209786599673726     
  0.000000000000000E+000   3.32766208333333      -0.198865592101783     
  0.000000000000000E+000   3.32766208333333      -0.187412114415465     
  0.000000000000000E+000   3.32766208333333      -0.175659536789405     
  0.000000000000000E+000   3.32766208333333      -0.163937683659728     
  0.000000000000000E+000   3.32766208333333      -0.152568581367421     
  0.000000000000000E+000   3.32766208333333      -0.141757364963990     
  0.000000000000000E+000   3.32766208333333      -0.131557001954418     
  0.000000000000000E+000   3.32766208333333      -0.121916513036272     
  0.000000000000000E+000   3.32766208333333      -0.112764068896639     
  0.000000000000000E+000   3.32766208333333      -0.104068420273887     
  0.000000000000000E+000   3.32766208333333      -9.585475315974169E-002
  0.000000000000000E+000   3.32766208333333      -8.818768516967790E-002
  0.000000000000000E+000   3.32766208333333      -8.114870711020704E-002
  0.000000000000000E+000   3.32766208333333      -7.483590638643073E-002
  0.000000000000000E+000   3.32766208333333      -6.933062764291065E-002
  0.000000000000000E+000   3.32766208333333      -6.440856652146228E-002
  0.000000000000000E+000   3.32766208333333      -5.941491584109198E-002
  0.000000000000000E+000   3.32766208333333      -5.401061930425106E-002
  0.000000000000000E+000   3.62999500000000      -0.225535702135317     
  0.000000000000000E+000   3.62999500000000      -0.223226111833684     
  0.000000000000000E+000   3.62999500000000      -0.220705306094639     
  0.000000000000000E+000   3.62999500000000      -0.214811299612412     
  0.000000000000000E+000   3.62999500000000      -0.207208015626270     
  0.000000000000000E+000   3.62999500000000      -0.199055674243071     
  0.000000000000000E+000   3.62999500000000      -0.190483448389400     
  0.000000000000000E+000   3.62999500000000      -0.181364634196274     
  0.000000000000000E+000   3.62999500000000      -0.171724491853546     
  0.000000000000000E+000   3.62999500000000      -0.161731800528306     
  0.000000000000000E+000   3.62999500000000      -0.151654534209919     
  0.000000000000000E+000   3.62999500000000      -0.141758274540172     
  0.000000000000000E+000   3.62999500000000      -0.132215618333088     
  0.000000000000000E+000   3.62999500000000      -0.123083496613415     
  0.000000000000000E+000   3.62999500000000      -0.114346972438005     
  0.000000000000000E+000   3.62999500000000      -0.105983666809178     
  0.000000000000000E+000   3.62999500000000      -9.800356943864080E-002
  0.000000000000000E+000   3.62999500000000      -9.045140481501428E-002
  0.000000000000000E+000   3.62999500000000      -8.338996331552100E-002
  0.000000000000000E+000   3.62999500000000      -7.689015505385698E-002
  0.000000000000000E+000   3.62999500000000      -7.105151966311828E-002
  0.000000000000000E+000   3.62999500000000      -6.594266297494138E-002
  0.000000000000000E+000   3.62999500000000      -6.128570905337684E-002
  0.000000000000000E+000   3.62999500000000      -5.643029428949448E-002
  0.000000000000000E+000   3.62999500000000      -5.191276082180378E-002
  0.000000000000000E+000   3.93232791666667      -0.198220313254553     
  0.000000000000000E+000   3.93232791666667      -0.199161407040432     
  0.000000000000000E+000   3.93232791666667      -0.198177824673686     
  0.000000000000000E+000   3.93232791666667      -0.193706641428692     
  0.000000000000000E+000   3.93232791666667      -0.187499147984721     
  0.000000000000000E+000   3.93232791666667      -0.180758024931870     
  0.000000000000000E+000   3.93232791666667      -0.173606727803006     
  0.000000000000000E+000   3.93232791666667      -0.165902060116755     
  0.000000000000000E+000   3.93232791666667      -0.157658994733132     
  0.000000000000000E+000   3.93232791666667      -0.149031804466628     
  0.000000000000000E+000   3.93232791666667      -0.140256702004625     
  0.000000000000000E+000   3.93232791666667      -0.131559427896406     
  0.000000000000000E+000   3.93232791666667      -0.123084864740346     
  0.000000000000000E+000   3.93232791666667      -0.114888072627102     
  0.000000000000000E+000   3.93232791666667      -0.106975147473860     
  0.000000000000000E+000   3.93232791666667      -9.935179865253094E-002
  0.000000000000000E+000   3.93232791666667      -9.204609317985235E-002
  0.000000000000000E+000   3.93232791666667      -8.510287591748618E-002
  0.000000000000000E+000   3.93232791666667      -7.857058400192773E-002
  0.000000000000000E+000   3.93232791666667      -7.249860270075610E-002
  0.000000000000000E+000   3.93232791666667      -6.694952924711482E-002
  0.000000000000000E+000   3.93232791666667      -6.196979547966881E-002
  0.000000000000000E+000   3.93232791666667      -5.734876024396938E-002
  0.000000000000000E+000   3.93232791666667      -5.271094037901859E-002
  0.000000000000000E+000   3.93232791666667      -4.834274137451929E-002
  0.000000000000000E+000   4.23466083333333      -0.176289132309605     
  0.000000000000000E+000   4.23466083333333      -0.176899948876996     
  0.000000000000000E+000   4.23466083333333      -0.176637349060693     
  0.000000000000000E+000   4.23466083333333      -0.173960328689508     
  0.000000000000000E+000   4.23466083333333      -0.169604142311016     
  0.000000000000000E+000   4.23466083333333      -0.164408602552427     
  0.000000000000000E+000   4.23466083333333      -0.158549884460518     
  0.000000000000000E+000   4.23466083333333      -0.152025878268782     
  0.000000000000000E+000   4.23466083333333      -0.144906265406934     
  0.000000000000000E+000   4.23466083333333      -0.137366157711116     
  0.000000000000000E+000   4.23466083333333      -0.129635855612984     
  0.000000000000000E+000   4.23466083333333      -0.121920931457695     
  0.000000000000000E+000   4.23466083333333      -0.114350104663407     
  0.000000000000000E+000   4.23466083333333      -0.106976779050066     
  0.000000000000000E+000   4.23466083333333      -9.981702736716874E-002
  0.000000000000000E+000   4.23466083333333      -9.288607688011521E-002
  0.000000000000000E+000   4.23466083333333      -8.621044564276048E-002
  0.000000000000000E+000   4.23466083333333      -7.982101524562631E-002
  0.000000000000000E+000   4.23466083333333      -7.374664462969543E-002
  0.000000000000000E+000   4.23466083333333      -6.801787804624831E-002
  0.000000000000000E+000   4.23466083333333      -6.266867939051766E-002
  0.000000000000000E+000   4.23466083333333      -5.772231114267701E-002
  0.000000000000000E+000   4.23466083333333      -5.313445246439134E-002
  0.000000000000000E+000   4.23466083333333      -4.878551566094390E-002
  0.000000000000000E+000   4.23466083333333      -4.473601663199154E-002
  0.000000000000000E+000   4.53699375000000      -0.158299161430283     
  0.000000000000000E+000   4.53699375000000      -0.158476186294127     
  0.000000000000000E+000   4.53699375000000      -0.158238387956233     
  0.000000000000000E+000   4.53699375000000      -0.156667153338139     
  0.000000000000000E+000   4.53699375000000      -0.153720110211181     
  0.000000000000000E+000   4.53699375000000      -0.149755754886700     
  0.000000000000000E+000   4.53699375000000      -0.144951066994754     
  0.000000000000000E+000   4.53699375000000      -0.139380365206563     
  0.000000000000000E+000   4.53699375000000      -0.133167549456579     
  0.000000000000000E+000   4.53699375000000      -0.126514245096396     
  0.000000000000000E+000   4.53699375000000      -0.119651284515634     
  0.000000000000000E+000   4.53699375000000      -0.112770739969106     
  0.000000000000000E+000   4.53699375000000      -0.105988811990115     
  0.000000000000000E+000   4.53699375000000      -9.935522225733849E-002
  0.000000000000000E+000   4.53699375000000      -9.288774586211843E-002
  0.000000000000000E+000   4.53699375000000      -8.659975529643540E-002
  0.000000000000000E+000   4.53699375000000      -8.050648135636709E-002
  0.000000000000000E+000   4.53699375000000      -7.462069306113833E-002
  0.000000000000000E+000   4.53699375000000      -6.895471433912917E-002
  0.000000000000000E+000   4.53699375000000      -6.353145131539063E-002
  0.000000000000000E+000   4.53699375000000      -5.838747284999283E-002
  0.000000000000000E+000   4.53699375000000      -5.354978838246337E-002
  0.000000000000000E+000   4.53699375000000      -4.904557952296916E-002
  0.000000000000000E+000   4.53699375000000      -4.490209664690707E-002
  0.000000000000000E+000   4.53699375000000      -4.108723917759456E-002
  0.000000000000000E+000   4.83932666666667      -0.143730812168921     
  0.000000000000000E+000   4.83932666666667      -0.143752002112213     
  0.000000000000000E+000   4.83932666666667      -0.143450473672561     
  0.000000000000000E+000   4.83932666666667      -0.142217204638543     
  0.000000000000000E+000   4.83932666666667      -0.139942130248125     
  0.000000000000000E+000   4.83932666666667      -0.136713440724288     
  0.000000000000000E+000   4.83932666666667      -0.132613003232640     
  0.000000000000000E+000   4.83932666666667      -0.127734713436341     
  0.000000000000000E+000   4.83932666666667      -0.122233099769959     
  0.000000000000000E+000   4.83932666666667      -0.116319695027971     
  0.000000000000000E+000   4.83932666666667      -0.110211963773812     
  0.000000000000000E+000   4.83932666666667      -0.104077329778843     
  0.000000000000000E+000   4.83932666666667      -9.801075207111506E-002
  0.000000000000000E+000   4.83932666666667      -9.205130887230710E-002
  0.000000000000000E+000   4.83932666666667      -8.621372169804782E-002
  0.000000000000000E+000   4.83932666666667      -8.050801069781387E-002
  0.000000000000000E+000   4.83932666666667      -7.494070987399272E-002
  0.000000000000000E+000   4.83932666666667      -6.951222927398107E-002
  0.000000000000000E+000   4.83932666666667      -6.422564929710534E-002
  0.000000000000000E+000   4.83932666666667      -5.910401569076956E-002
  0.000000000000000E+000   4.83932666666667      -5.419762879853714E-002
  0.000000000000000E+000   4.83932666666667      -4.956740599585466E-002
  0.000000000000000E+000   4.83932666666667      -4.525665697059807E-002
  0.000000000000000E+000   4.83932666666667      -4.128517052542966E-002
  0.000000000000000E+000   4.83932666666667      -3.764298950993285E-002
  0.000000000000000E+000   5.14165958333333      -0.132060139288737     
  0.000000000000000E+000   5.14165958333333      -0.131945713603101     
  0.000000000000000E+000   5.14165958333333      -0.131411416988790     
  0.000000000000000E+000   5.14165958333333      -0.130209216668533     
  0.000000000000000E+000   5.14165958333333      -0.128126167313739     
  0.000000000000000E+000   5.14165958333333      -0.125165566641216     
  0.000000000000000E+000   5.14165958333333      -0.121405078985600     
  0.000000000000000E+000   5.14165958333333      -0.116962190714987     
  0.000000000000000E+000   5.14165958333333      -0.112003456805965     
  0.000000000000000E+000   5.14165958333333      -0.106725266711979     
  0.000000000000000E+000   5.14165958333333      -0.101306018594868     
  0.000000000000000E+000   5.14165958333333      -9.586562142398881E-002
  0.000000000000000E+000   5.14165958333333      -9.046040305646619E-002
  0.000000000000000E+000   5.14165958333333      -8.510970067962915E-002
  0.000000000000000E+000   5.14165958333333      -7.982574186129411E-002
  0.000000000000000E+000   5.14165958333333      -7.462360896834810E-002
  0.000000000000000E+000   5.14165958333333      -6.951361870706320E-002
  0.000000000000000E+000   5.14165958333333      -6.449559206005913E-002
  0.000000000000000E+000   5.14165958333333      -5.956974028472840E-002
  0.000000000000000E+000   5.14165958333333      -5.475830355534751E-002
  0.000000000000000E+000   5.14165958333333      -5.011766590217511E-002
  0.000000000000000E+000   5.14165958333333      -4.572575511998133E-002
  0.000000000000000E+000   5.14165958333333      -4.165085375363665E-002
  0.000000000000000E+000   5.14165958333333      -3.791979217826195E-002
  0.000000000000000E+000   5.14165958333333      -3.446790882330682E-002
  0.000000000000000E+000   5.44399250000000      -0.122796120689826     
  0.000000000000000E+000   5.44399250000000      -0.122551498647408     
  0.000000000000000E+000   5.44399250000000      -0.121758789959643     
  0.000000000000000E+000   5.44399250000000      -0.120277677184401     
  0.000000000000000E+000   5.44399250000000      -0.118003757263010     
  0.000000000000000E+000   5.44399250000000      -0.114933016033393     
  0.000000000000000E+000   5.44399250000000      -0.111215302528666     
  0.000000000000000E+000   5.44399250000000      -0.107007821804590     
  0.000000000000000E+000   5.44399250000000      -0.102469943123918     
  0.000000000000000E+000   5.44399250000000      -9.775778476489272E-002
  0.000000000000000E+000   5.44399250000000      -9.298526224958648E-002
  0.000000000000000E+000   5.44399250000000      -8.820006579341608E-002
  0.000000000000000E+000   5.44399250000000      -8.340036018607522E-002
  0.000000000000000E+000   5.44399250000000      -7.857867319884758E-002
  0.000000000000000E+000   5.44399250000000      -7.375258936977561E-002
  0.000000000000000E+000   5.44399250000000      -6.895890058111931E-002
  0.000000000000000E+000   5.44399250000000      -6.422840595129987E-002
  0.000000000000000E+000   5.44399250000000      -5.957118204631772E-002
  0.000000000000000E+000   5.44399250000000      -5.498569560180432E-002
  0.000000000000000E+000   5.44399250000000      -5.048371502171127E-002
  0.000000000000000E+000   5.44399250000000      -4.611420473688137E-002
  0.000000000000000E+000   5.44399250000000      -4.197732649968412E-002
  0.000000000000000E+000   5.44399250000000      -3.816421278357982E-002
  0.000000000000000E+000   5.44399250000000      -3.467785878306957E-002
  0.000000000000000E+000   5.44399250000000      -3.142507496411604E-002
  0.000000000000000E+000   5.74632541666667      -0.115527620156756     
  0.000000000000000E+000   5.74632541666667      -0.115123312914756     
  0.000000000000000E+000   5.74632541666667      -0.113916409778606     
  0.000000000000000E+000   5.74632541666667      -0.111924014774430     
  0.000000000000000E+000   5.74632541666667      -0.109186867372726     
  0.000000000000000E+000   5.74632541666667      -0.105795115377774     
  0.000000000000000E+000   5.74632541666667      -0.101941720323370     
  0.000000000000000E+000   5.74632541666667      -9.785889303353587E-002
  0.000000000000000E+000   5.74632541666667      -9.367415768868612E-002
  0.000000000000000E+000   5.74632541666667      -8.948525855842999E-002
  0.000000000000000E+000   5.74632541666667      -8.532902205644358E-002
  0.000000000000000E+000   5.74632541666667      -8.116214474553993E-002
  0.000000000000000E+000   5.74632541666667      -7.690139383660531E-002
  0.000000000000000E+000   5.74632541666667      -7.250744686232492E-002
  0.000000000000000E+000   5.74632541666667      -6.802473182253117E-002
  0.000000000000000E+000   5.74632541666667      -6.353682664860671E-002
  0.000000000000000E+000   5.74632541666667      -5.910823274455049E-002
  0.000000000000000E+000   5.74632541666667      -5.476140653882885E-002
  0.000000000000000E+000   5.74632541666667      -5.048548669059201E-002
  0.000000000000000E+000   5.74632541666667      -4.626919313899379E-002
  0.000000000000000E+000   5.74632541666667      -4.215083189600267E-002
  0.000000000000000E+000   5.74632541666667      -3.823039797854960E-002
  0.000000000000000E+000   5.74632541666667      -3.463410442932313E-002
  0.000000000000000E+000   5.74632541666667      -3.138479945250060E-002
  0.000000000000000E+000   5.74632541666667      -2.832130857640219E-002
  0.000000000000000E+000   6.04865833333333      -0.109897886723690     
  0.000000000000000E+000   6.04865833333333      -0.109247067995448     
  0.000000000000000E+000   6.04865833333333      -0.107416541626509     
  0.000000000000000E+000   6.04865833333333      -0.104688830957752     
  0.000000000000000E+000   6.04865833333333      -0.101315262832330     
  0.000000000000000E+000   6.04865833333333      -9.750560573216623E-002
  0.000000000000000E+000   6.04865833333333      -9.348567580847630E-002
  0.000000000000000E+000   6.04865833333333      -8.951199117663503E-002
  0.000000000000000E+000   6.04865833333333      -8.565653839767264E-002
  0.000000000000000E+000   6.04865833333333      -8.196159221839347E-002
  0.000000000000000E+000   6.04865833333333      -7.840676073771118E-002
  0.000000000000000E+000   6.04865833333333      -7.485007588758409E-002
  0.000000000000000E+000   6.04865833333333      -7.106274704324372E-002
  0.000000000000000E+000   6.04865833333333      -6.695819278277994E-002
  0.000000000000000E+000   6.04865833333333      -6.267594987955127E-002
  0.000000000000000E+000   6.04865833333333      -5.839398147780701E-002
  0.000000000000000E+000   6.04865833333333      -5.420350047564126E-002
  0.000000000000000E+000   6.04865833333333      -5.012277824044989E-002
  0.000000000000000E+000   6.04865833333333      -4.611824529922466E-002
  0.000000000000000E+000   6.04865833333333      -4.215326058358958E-002
  0.000000000000000E+000   6.04865833333333      -3.820590695844657E-002
  0.000000000000000E+000   6.04865833333333      -3.437162132495748E-002
  0.000000000000000E+000   6.04865833333333      -3.087392289729265E-002
  0.000000000000000E+000   6.04865833333333      -2.783270155662641E-002
  0.000000000000000E+000   6.04865833333333      -2.496453189562229E-002
  0.000000000000000E+000   6.35099125000000      -0.105633789164652     
  0.000000000000000E+000   6.35099125000000      -0.104642567588098     
  0.000000000000000E+000   6.35099125000000      -0.102016815083984     
  0.000000000000000E+000   6.35099125000000      -9.838607786638713E-002
  0.000000000000000E+000   6.35099125000000      -9.427327932472028E-002
  0.000000000000000E+000   6.35099125000000      -9.000917134393231E-002
  0.000000000000000E+000   6.35099125000000      -8.581625944369903E-002
  0.000000000000000E+000   6.35099125000000      -8.194059748232253E-002
  0.000000000000000E+000   6.35099125000000      -7.840365073424904E-002
  0.000000000000000E+000   6.35099125000000      -7.516132907921708E-002
  0.000000000000000E+000   6.35099125000000      -7.225015164556764E-002
  0.000000000000000E+000   6.35099125000000      -6.934587734441347E-002
  0.000000000000000E+000   6.35099125000000      -6.595346194281110E-002
  0.000000000000000E+000   6.35099125000000      -6.197756532621397E-002
  0.000000000000000E+000   6.35099125000000      -5.772948885470881E-002
  0.000000000000000E+000   6.35099125000000      -5.355745094595661E-002
  0.000000000000000E+000   6.35099125000000      -4.957522242222422E-002
  0.000000000000000E+000   6.35099125000000      -4.573329839290246E-002
  0.000000000000000E+000   6.35099125000000      -4.198422210053807E-002
  0.000000000000000E+000   6.35099125000000      -3.823598641889862E-002
  0.000000000000000E+000   6.35099125000000      -3.437499249134326E-002
  0.000000000000000E+000   6.35099125000000      -3.045082785826414E-002
  0.000000000000000E+000   6.35099125000000      -2.680399274645598E-002
  0.000000000000000E+000   6.35099125000000      -2.388282716057478E-002
  0.000000000000000E+000   6.35099125000000      -2.125812327325505E-002
  0.000000000000000E+000   6.65332416666666      -0.101983362543472     
  0.000000000000000E+000   6.65332416666666      -0.100715778422993     
  0.000000000000000E+000   6.65332416666666      -9.743757743379076E-002
  0.000000000000000E+000   6.65332416666666      -9.291425816455672E-002
  0.000000000000000E+000   6.65332416666666      -8.801551545400331E-002
  0.000000000000000E+000   6.65332416666666      -8.329625049741032E-002
  0.000000000000000E+000   6.65332416666666      -7.894580856117597E-002
  0.000000000000000E+000   6.65332416666666      -7.509535607449758E-002
  0.000000000000000E+000   6.65332416666666      -7.181810551297776E-002
  0.000000000000000E+000   6.65332416666666      -6.899457222016081E-002
  0.000000000000000E+000   6.65332416666666      -6.674608964306887E-002
  0.000000000000000E+000   6.65332416666666      -6.442668427595090E-002
  0.000000000000000E+000   6.65332416666666      -6.129716020312842E-002
  0.000000000000000E+000   6.65332416666666      -5.735670376775261E-002
  0.000000000000000E+000   6.65332416666666      -5.314265794303435E-002
  0.000000000000000E+000   6.65332416666666      -4.905501430908216E-002
  0.000000000000000E+000   6.65332416666666      -4.526678779895853E-002
  0.000000000000000E+000   6.65332416666666      -4.166116041061665E-002
  0.000000000000000E+000   6.65332416666666      -3.817427226494891E-002
  0.000000000000000E+000   6.65332416666666      -3.464327560544778E-002
  0.000000000000000E+000   6.65332416666666      -3.088137179754245E-002
  0.000000000000000E+000   6.65332416666666      -2.680856708554519E-002
  0.000000000000000E+000   6.65332416666666      -2.276425259744823E-002
  0.000000000000000E+000   6.65332416666666      -1.972432248565124E-002
  0.000000000000000E+000   6.65332416666666      -1.746923204161446E-002
  0.000000000000000E+000   6.95565708333333      -9.787253065966604E-002
  0.000000000000000E+000   6.95565708333333      -9.651148486787760E-002
  0.000000000000000E+000   6.95565708333333      -9.318982836561479E-002
  0.000000000000000E+000   6.95565708333333      -8.793148068450600E-002
  0.000000000000000E+000   6.95565708333333      -8.230367509039563E-002
  0.000000000000000E+000   6.95565708333333      -7.720342881635185E-002
  0.000000000000000E+000   6.95565708333333      -7.274470904217456E-002
  0.000000000000000E+000   6.95565708333333      -6.892108236872789E-002
  0.000000000000000E+000   6.95565708333333      -6.575985447749308E-002
  0.000000000000000E+000   6.95565708333333      -6.329741640060138E-002
  0.000000000000000E+000   6.95565708333333      -6.146299551482320E-002
  0.000000000000000E+000   6.95565708333333      -5.943848534121302E-002
  0.000000000000000E+000   6.95565708333333      -5.644570847771473E-002
  0.000000000000000E+000   6.95565708333333      -5.272301662357273E-002
  0.000000000000000E+000   6.95565708333333      -4.879722007838904E-002
  0.000000000000000E+000   6.95565708333333      -4.491431629122060E-002
  0.000000000000000E+000   6.95565708333333      -4.129780563614342E-002
  0.000000000000000E+000   6.95565708333333      -3.793266779456509E-002
  0.000000000000000E+000   6.95565708333333      -3.469072569327643E-002
  0.000000000000000E+000   6.95565708333333      -3.139714227843000E-002
  0.000000000000000E+000   6.95565708333333      -2.784398150807683E-002
  0.000000000000000E+000   6.95565708333333      -2.389236147671464E-002
  0.000000000000000E+000   6.95565708333333      -1.973084541329382E-002
  0.000000000000000E+000   6.95565708333333      -1.628900025716272E-002
  0.000000000000000E+000   6.95565708333333      -1.415690525870417E-002
  0.000000000000000E+000   7.25799000000000      -9.360434794423457E-002
  0.000000000000000E+000   7.25799000000000      -9.154158277563663E-002
  0.000000000000000E+000   7.25799000000000      -8.808825747807399E-002
  0.000000000000000E+000   7.25799000000000      -8.244072695986279E-002
  0.000000000000000E+000   7.25799000000000      -7.650970592808519E-002
  0.000000000000000E+000   7.25799000000000      -7.133624351457366E-002
  0.000000000000000E+000   7.25799000000000      -6.694149018456166E-002
  0.000000000000000E+000   7.25799000000000      -6.320496881677576E-002
  0.000000000000000E+000   7.25799000000000      -6.014394490894934E-002
  0.000000000000000E+000   7.25799000000000      -5.783676755113189E-002
  0.000000000000000E+000   7.25799000000000      -5.605655873419651E-002
  0.000000000000000E+000   7.25799000000000      -5.403747696373534E-002
  0.000000000000000E+000   7.25799000000000      -5.193265425043806E-002
  0.000000000000000E+000   7.25799000000000      -4.836064126762251E-002
  0.000000000000000E+000   7.25799000000000      -4.475135677773766E-002
  0.000000000000000E+000   7.25799000000000      -4.110176521233602E-002
  0.000000000000000E+000   7.25799000000000      -3.765736255349530E-002
  0.000000000000000E+000   7.25799000000000      -3.448237917501482E-002
  0.000000000000000E+000   7.25799000000000      -3.143950108204920E-002
  0.000000000000000E+000   7.25799000000000      -2.833528051793010E-002
  0.000000000000000E+000   7.25799000000000      -2.497772091479965E-002
  0.000000000000000E+000   7.25799000000000      -2.127035547279274E-002
  0.000000000000000E+000   7.25799000000000      -1.748020089029002E-002
  0.000000000000000E+000   7.25799000000000      -1.416427372198907E-002
  0.000000000000000E+000   7.25799000000000      -1.106047069610230E-002
