  0.000000000000000E+000  2.000000000000000E-003 -0.132215618333087     
  0.000000000000000E+000  2.000000000000000E-003 -0.142679789988663     
  0.000000000000000E+000  2.000000000000000E-003 -0.148062325903300     
  0.000000000000000E+000  2.000000000000000E-003 -0.149711912898103     
  0.000000000000000E+000  2.000000000000000E-003 -0.150817700912889     
  0.000000000000000E+000  2.000000000000000E-003 -0.152458607975636     
  0.000000000000000E+000  2.000000000000000E-003 -0.155308147259141     
  0.000000000000000E+000  2.000000000000000E-003 -0.159914248142947     
  0.000000000000000E+000  2.000000000000000E-003 -0.166907987164232     
  0.000000000000000E+000  2.000000000000000E-003 -0.176408839832098     
  0.000000000000000E+000  2.000000000000000E-003 -0.186743534681404     
  0.000000000000000E+000  2.000000000000000E-003 -0.193229296658989     
  0.000000000000000E+000  2.000000000000000E-003 -0.194037410873663     
  0.000000000000000E+000  2.000000000000000E-003 -0.193229358842502     
  0.000000000000000E+000  2.000000000000000E-003 -0.186743821743865     
  0.000000000000000E+000  2.000000000000000E-003 -0.176409148240638     
  0.000000000000000E+000  2.000000000000000E-003 -0.166908211954993     
  0.000000000000000E+000  2.000000000000000E-003 -0.159914374303903     
  0.000000000000000E+000  2.000000000000000E-003 -0.155308172826765     
  0.000000000000000E+000  2.000000000000000E-003 -0.152458574873791     
  0.000000000000000E+000  2.000000000000000E-003 -0.150817618121541     
  0.000000000000000E+000  2.000000000000000E-003 -0.149711799809437     
  0.000000000000000E+000  2.000000000000000E-003 -0.148062246115187     
  0.000000000000000E+000  2.000000000000000E-003 -0.142679918427205     
  0.000000000000000E+000  2.000000000000000E-003 -0.132215746823805     
  0.000000000000000E+000  0.304332916666667      -0.142681866121060     
  0.000000000000000E+000  0.304332916666667      -0.155179036258183     
  0.000000000000000E+000  0.304332916666667      -0.160448598611720     
  0.000000000000000E+000  0.304332916666667      -0.161615814607230     
  0.000000000000000E+000  0.304332916666667      -0.162842470401660     
  0.000000000000000E+000  0.304332916666667      -0.165143877549787     
  0.000000000000000E+000  0.304332916666667      -0.168859483129025     
  0.000000000000000E+000  0.304332916666667      -0.174273479275996     
  0.000000000000000E+000  0.304332916666667      -0.181483285799772     
  0.000000000000000E+000  0.304332916666667      -0.190026931313190     
  0.000000000000000E+000  0.304332916666667      -0.198087118703496     
  0.000000000000000E+000  0.304332916666667      -0.202342694334135     
  0.000000000000000E+000  0.304332916666667      -0.203054657510283     
  0.000000000000000E+000  0.304332916666667      -0.202342760999874     
  0.000000000000000E+000  0.304332916666667      -0.198087316413806     
  0.000000000000000E+000  0.304332916666667      -0.190027186083709     
  0.000000000000000E+000  0.304332916666667      -0.181483467578004     
  0.000000000000000E+000  0.304332916666667      -0.174273584706166     
  0.000000000000000E+000  0.304332916666667      -0.168859496265752     
  0.000000000000000E+000  0.304332916666667      -0.165143821933835     
  0.000000000000000E+000  0.304332916666667      -0.162842332586196     
  0.000000000000000E+000  0.304332916666667      -0.161615581772975     
  0.000000000000000E+000  0.304332916666667      -0.160448331865270     
  0.000000000000000E+000  0.304332916666667      -0.155179011525298     
  0.000000000000000E+000  0.304332916666667      -0.142681856123738     
  0.000000000000000E+000  0.606665833333333      -0.148066394141053     
  0.000000000000000E+000  0.606665833333333      -0.160450776813964     
  0.000000000000000E+000  0.606665833333333      -0.168612803961786     
  0.000000000000000E+000  0.606665833333333      -0.171970412856365     
  0.000000000000000E+000  0.606665833333333      -0.174603472743539     
  0.000000000000000E+000  0.606665833333333      -0.178300792453247     
  0.000000000000000E+000  0.606665833333333      -0.183447790349150     
  0.000000000000000E+000  0.606665833333333      -0.190142977215392     
  0.000000000000000E+000  0.606665833333333      -0.198136310255106     
  0.000000000000000E+000  0.606665833333333      -0.206340787478484     
  0.000000000000000E+000  0.606665833333333      -0.213217024640948     
  0.000000000000000E+000  0.606665833333333      -0.216510833098779     
  0.000000000000000E+000  0.606665833333333      -0.216995543849314     
  0.000000000000000E+000  0.606665833333333      -0.216510861910964     
  0.000000000000000E+000  0.606665833333333      -0.213217144389481     
  0.000000000000000E+000  0.606665833333333      -0.206340961955071     
  0.000000000000000E+000  0.606665833333333      -0.198136441912173     
  0.000000000000000E+000  0.606665833333333      -0.190143051350436     
  0.000000000000000E+000  0.606665833333333      -0.183447793877760     
  0.000000000000000E+000  0.606665833333333      -0.178300721216554     
  0.000000000000000E+000  0.606665833333333      -0.174603324665182     
  0.000000000000000E+000  0.606665833333333      -0.171970179447076     
  0.000000000000000E+000  0.606665833333333      -0.168612520088750     
  0.000000000000000E+000  0.606665833333333      -0.160450608975099     
  0.000000000000000E+000  0.606665833333333      -0.148066229557253     
  0.000000000000000E+000  0.908998750000000      -0.149715263424044     
  0.000000000000000E+000  0.908998750000000      -0.161617763551416     
  0.000000000000000E+000  0.908998750000000      -0.171970764522577     
  0.000000000000000E+000  0.908998750000000      -0.179109229459726     
  0.000000000000000E+000  0.908998750000000      -0.185033506331885     
  0.000000000000000E+000  0.908998750000000      -0.191408788469155     
  0.000000000000000E+000  0.908998750000000      -0.198874254011796     
  0.000000000000000E+000  0.908998750000000      -0.207599113068876     
  0.000000000000000E+000  0.908998750000000      -0.217073245718394     
  0.000000000000000E+000  0.908998750000000      -0.226343528712067     
  0.000000000000000E+000  0.908998750000000      -0.234211351981461     
  0.000000000000000E+000  0.908998750000000      -0.239026942401581     
  0.000000000000000E+000  0.908998750000000      -0.240502249781017     
  0.000000000000000E+000  0.908998750000000      -0.239026983278162     
  0.000000000000000E+000  0.908998750000000      -0.234211453304607     
  0.000000000000000E+000  0.908998750000000      -0.226343651073338     
  0.000000000000000E+000  0.908998750000000      -0.217073347252436     
  0.000000000000000E+000  0.908998750000000      -0.207599173901167     
  0.000000000000000E+000  0.908998750000000      -0.198874259733488     
  0.000000000000000E+000  0.908998750000000      -0.191408735707514     
  0.000000000000000E+000  0.908998750000000      -0.185033394517940     
  0.000000000000000E+000  0.908998750000000      -0.179109067819515     
  0.000000000000000E+000  0.908998750000000      -0.171970594576127     
  0.000000000000000E+000  0.908998750000000      -0.161617608182663     
  0.000000000000000E+000  0.908998750000000      -0.149715110004619     
  0.000000000000000E+000   1.21133166666667      -0.150818818408151     
  0.000000000000000E+000   1.21133166666667      -0.162842502254472     
  0.000000000000000E+000   1.21133166666667      -0.174602450881729     
  0.000000000000000E+000   1.21133166666667      -0.185032372054287     
  0.000000000000000E+000   1.21133166666667      -0.194672948354188     
  0.000000000000000E+000   1.21133166666667      -0.204454717452392     
  0.000000000000000E+000   1.21133166666667      -0.214902578641122     
  0.000000000000000E+000   1.21133166666667      -0.226162297581732     
  0.000000000000000E+000   1.21133166666667      -0.237653844083029     
  0.000000000000000E+000   1.21133166666667      -0.248475214849761     
  0.000000000000000E+000   1.21133166666667      -0.257584677962032     
  0.000000000000000E+000   1.21133166666667      -0.263813759679056     
  0.000000000000000E+000   1.21133166666667      -0.266011333085345     
  0.000000000000000E+000   1.21133166666667      -0.263813813228520     
  0.000000000000000E+000   1.21133166666667      -0.257584759443532     
  0.000000000000000E+000   1.21133166666667      -0.248475293296125     
  0.000000000000000E+000   1.21133166666667      -0.237653911914744     
  0.000000000000000E+000   1.21133166666667      -0.226162338604961     
  0.000000000000000E+000   1.21133166666667      -0.214902589318090     
  0.000000000000000E+000   1.21133166666667      -0.204454691077591     
  0.000000000000000E+000   1.21133166666667      -0.194672897990180     
  0.000000000000000E+000   1.21133166666667      -0.185032306889868     
  0.000000000000000E+000   1.21133166666667      -0.174602389009107     
  0.000000000000000E+000   1.21133166666667      -0.162842442337475     
  0.000000000000000E+000   1.21133166666667      -0.150818772249902     
  0.000000000000000E+000   1.51366458333333      -0.152456540204001     
  0.000000000000000E+000   1.51366458333333      -0.165141019629170     
  0.000000000000000E+000   1.51366458333333      -0.178297300036156     
  0.000000000000000E+000   1.51366458333333      -0.191405432871774     
  0.000000000000000E+000   1.51366458333333      -0.204452551404738     
  0.000000000000000E+000   1.51366458333333      -0.217680446374578     
  0.000000000000000E+000   1.51366458333333      -0.231299751682181     
  0.000000000000000E+000   1.51366458333333      -0.245206665809344     
  0.000000000000000E+000   1.51366458333333      -0.258807231929560     
  0.000000000000000E+000   1.51366458333333      -0.271244226572216     
  0.000000000000000E+000   1.51366458333333      -0.281440172551824     
  0.000000000000000E+000   1.51366458333333      -0.288220728252352     
  0.000000000000000E+000   1.51366458333333      -0.290610995042528     
  0.000000000000000E+000   1.51366458333333      -0.288220752088788     
  0.000000000000000E+000   1.51366458333333      -0.281440214851981     
  0.000000000000000E+000   1.51366458333333      -0.271244267976878     
  0.000000000000000E+000   1.51366458333333      -0.258807275458100     
  0.000000000000000E+000   1.51366458333333      -0.245206695629256     
  0.000000000000000E+000   1.51366458333333      -0.231299769451210     
  0.000000000000000E+000   1.51366458333333      -0.217680452639549     
  0.000000000000000E+000   1.51366458333333      -0.204452556987573     
  0.000000000000000E+000   1.51366458333333      -0.191405450119140     
  0.000000000000000E+000   1.51366458333333      -0.178297326157071     
  0.000000000000000E+000   1.51366458333333      -0.165141055662057     
  0.000000000000000E+000   1.51366458333333      -0.152456591392437     
  0.000000000000000E+000   1.81599750000000      -0.155302352445451     
  0.000000000000000E+000   1.81599750000000      -0.168853249328989     
  0.000000000000000E+000   1.81599750000000      -0.183441343623262     
  0.000000000000000E+000   1.81599750000000      -0.198868162093092     
  0.000000000000000E+000   1.81599750000000      -0.214897687279571     
  0.000000000000000E+000   1.81599750000000      -0.231296936439739     
  0.000000000000000E+000   1.81599750000000      -0.247811792515891     
  0.000000000000000E+000   1.81599750000000      -0.264044472152771     
  0.000000000000000E+000   1.81599750000000      -0.279429514342747     
  0.000000000000000E+000   1.81599750000000      -0.293195073062037     
  0.000000000000000E+000   1.81599750000000      -0.304315083145410     
  0.000000000000000E+000   1.81599750000000      -0.311633658463069     
  0.000000000000000E+000   1.81599750000000      -0.314197705798097     
  0.000000000000000E+000   1.81599750000000      -0.311633661430305     
  0.000000000000000E+000   1.81599750000000      -0.304315088966671     
  0.000000000000000E+000   1.81599750000000      -0.293195071418959     
  0.000000000000000E+000   1.81599750000000      -0.279429509782051     
  0.000000000000000E+000   1.81599750000000      -0.264044481234976     
  0.000000000000000E+000   1.81599750000000      -0.247811810573545     
  0.000000000000000E+000   1.81599750000000      -0.231296969351029     
  0.000000000000000E+000   1.81599750000000      -0.214897744804175     
  0.000000000000000E+000   1.81599750000000      -0.198868241401693     
  0.000000000000000E+000   1.81599750000000      -0.183441439692188     
  0.000000000000000E+000   1.81599750000000      -0.168853354308010     
  0.000000000000000E+000   1.81599750000000      -0.155302467279116     
  0.000000000000000E+000   2.11833041666667      -0.159904586739772     
  0.000000000000000E+000   2.11833041666667      -0.174263917940089     
  0.000000000000000E+000   2.11833041666667      -0.190133685624889     
  0.000000000000000E+000   2.11833041666667      -0.207590353857129     
  0.000000000000000E+000   2.11833041666667      -0.226154570578940     
  0.000000000000000E+000   2.11833041666667      -0.245200731259843     
  0.000000000000000E+000   2.11833041666667      -0.264041178400368     
  0.000000000000000E+000   2.11833041666667      -0.282057392316108     
  0.000000000000000E+000   2.11833041666667      -0.298702642409216     
  0.000000000000000E+000   2.11833041666667      -0.313328109069323     
  0.000000000000000E+000   2.11833041666667      -0.325020818023515     
  0.000000000000000E+000   2.11833041666667      -0.332678258372258     
  0.000000000000000E+000   2.11833041666667      -0.335355904761479     
  0.000000000000000E+000   2.11833041666667      -0.332678247952105     
  0.000000000000000E+000   2.11833041666667      -0.325020779786594     
  0.000000000000000E+000   2.11833041666667      -0.313328056734220     
  0.000000000000000E+000   2.11833041666667      -0.298702571287109     
  0.000000000000000E+000   2.11833041666667      -0.282057345696302     
  0.000000000000000E+000   2.11833041666667      -0.264041166062490     
  0.000000000000000E+000   2.11833041666667      -0.245200766640925     
  0.000000000000000E+000   2.11833041666667      -0.226154658418151     
  0.000000000000000E+000   2.11833041666667      -0.207590479835013     
  0.000000000000000E+000   2.11833041666667      -0.190133835026011     
  0.000000000000000E+000   2.11833041666667      -0.174264078978894     
  0.000000000000000E+000   2.11833041666667      -0.159904746004863     
  0.000000000000000E+000   2.42066333333333      -0.166894990836663     
  0.000000000000000E+000   2.42066333333333      -0.181471370471583     
  0.000000000000000E+000   2.42066333333333      -0.198125115145149     
  0.000000000000000E+000   2.42066333333333      -0.217062416753369     
  0.000000000000000E+000   2.42066333333333      -0.237643615996181     
  0.000000000000000E+000   2.42066333333333      -0.258798343149109     
  0.000000000000000E+000   2.42066333333333      -0.279422906592836     
  0.000000000000000E+000   2.42066333333333      -0.298699131324202     
  0.000000000000000E+000   2.42066333333333      -0.316108256011116     
  0.000000000000000E+000   2.42066333333333      -0.331154495336709     
  0.000000000000000E+000   2.42066333333333      -0.343078570781378     
  0.000000000000000E+000   2.42066333333333      -0.350862513847591     
  0.000000000000000E+000   2.42066333333333      -0.353582529219837     
  0.000000000000000E+000   2.42066333333333      -0.350862470825098     
  0.000000000000000E+000   2.42066333333333      -0.343078485370970     
  0.000000000000000E+000   2.42066333333333      -0.331154362154295     
  0.000000000000000E+000   2.42066333333333      -0.316108119413247     
  0.000000000000000E+000   2.42066333333333      -0.298699006679644     
  0.000000000000000E+000   2.42066333333333      -0.279422853633953     
  0.000000000000000E+000   2.42066333333333      -0.258798368221891     
  0.000000000000000E+000   2.42066333333333      -0.237643712217054     
  0.000000000000000E+000   2.42066333333333      -0.217062575843913     
  0.000000000000000E+000   2.42066333333333      -0.198125299701539     
  0.000000000000000E+000   2.42066333333333      -0.181471565931757     
  0.000000000000000E+000   2.42066333333333      -0.166895174217759     
  0.000000000000000E+000   2.72299625000000      -0.176392294775921     
  0.000000000000000E+000   2.72299625000000      -0.190013889002645     
  0.000000000000000E+000   2.72299625000000      -0.206330129973403     
  0.000000000000000E+000   2.72299625000000      -0.226332538599962     
  0.000000000000000E+000   2.72299625000000      -0.248463538845551     
  0.000000000000000E+000   2.72299625000000      -0.271233059496126     
  0.000000000000000E+000   2.72299625000000      -0.293185622423587     
  0.000000000000000E+000   2.72299625000000      -0.313321386166892     
  0.000000000000000E+000   2.72299625000000      -0.331151106949600     
  0.000000000000000E+000   2.72299625000000      -0.346334525653715     
  0.000000000000000E+000   2.72299625000000      -0.358275275987138     
  0.000000000000000E+000   2.72299625000000      -0.366051885666471     
  0.000000000000000E+000   2.72299625000000      -0.368768965693396     
  0.000000000000000E+000   2.72299625000000      -0.366051808170631     
  0.000000000000000E+000   2.72299625000000      -0.358275126181337     
  0.000000000000000E+000   2.72299625000000      -0.346334316485451     
  0.000000000000000E+000   2.72299625000000      -0.331150879457876     
  0.000000000000000E+000   2.72299625000000      -0.313321199191757     
  0.000000000000000E+000   2.72299625000000      -0.293185505441717     
  0.000000000000000E+000   2.72299625000000      -0.271233037132288     
  0.000000000000000E+000   2.72299625000000      -0.248463619392416     
  0.000000000000000E+000   2.72299625000000      -0.226332703937034     
  0.000000000000000E+000   2.72299625000000      -0.206330333106362     
  0.000000000000000E+000   2.72299625000000      -0.190014050568672     
  0.000000000000000E+000   2.72299625000000      -0.176392435927248     
  0.000000000000000E+000   3.02532916666667      -0.186720659248285     
  0.000000000000000E+000   3.02532916666667      -0.198072570098188     
  0.000000000000000E+000   3.02532916666667      -0.213208699364521     
  0.000000000000000E+000   3.02532916666667      -0.234202747054629     
  0.000000000000000E+000   3.02532916666667      -0.257573114149660     
  0.000000000000000E+000   3.02532916666667      -0.281427694963242     
  0.000000000000000E+000   3.02532916666667      -0.304303593674511     
  0.000000000000000E+000   3.02532916666667      -0.325011604081569     
  0.000000000000000E+000   3.02532916666667      -0.343072421034602     
  0.000000000000000E+000   3.02532916666667      -0.358272400956553     
  0.000000000000000E+000   3.02532916666667      -0.370154427903099     
  0.000000000000000E+000   3.02532916666667      -0.377881613845869     
  0.000000000000000E+000   3.02532916666667      -0.380582301744671     
  0.000000000000000E+000   3.02532916666667      -0.377881505448208     
  0.000000000000000E+000   3.02532916666667      -0.370154213071084     
  0.000000000000000E+000   3.02532916666667      -0.358272114742347     
  0.000000000000000E+000   3.02532916666667      -0.343072107564400     
  0.000000000000000E+000   3.02532916666667      -0.325011330251066     
  0.000000000000000E+000   3.02532916666667      -0.304303403172770     
  0.000000000000000E+000   3.02532916666667      -0.281427620431219     
  0.000000000000000E+000   3.02532916666667      -0.257573155658542     
  0.000000000000000E+000   3.02532916666667      -0.234202890769820     
  0.000000000000000E+000   3.02532916666667      -0.213208845438115     
  0.000000000000000E+000   3.02532916666667      -0.198072596726028     
  0.000000000000000E+000   3.02532916666667      -0.186720685706772     
  0.000000000000000E+000   3.32766208333333      -0.193193943385248     
  0.000000000000000E+000   3.32766208333333      -0.202323704874790     
  0.000000000000000E+000   3.32766208333333      -0.216505319876195     
  0.000000000000000E+000   3.32766208333333      -0.239021442365701     
  0.000000000000000E+000   3.32766208333333      -0.263803452443568     
  0.000000000000000E+000   3.32766208333333      -0.288207788154182     
  0.000000000000000E+000   3.32766208333333      -0.311621017891096     
  0.000000000000000E+000   3.32766208333333      -0.332667508095105     
  0.000000000000000E+000   3.32766208333333      -0.350854586767539     
  0.000000000000000E+000   3.32766208333333      -0.366047103325248     
  0.000000000000000E+000   3.32766208333333      -0.377879661520342     
  0.000000000000000E+000   3.32766208333333      -0.385570845674423     
  0.000000000000000E+000   3.32766208333333      -0.388260641141111     
  0.000000000000000E+000   3.32766208333333      -0.385570733604452     
  0.000000000000000E+000   3.32766208333333      -0.377879414813430     
  0.000000000000000E+000   3.32766208333333      -0.366046767045866     
  0.000000000000000E+000   3.32766208333333      -0.350854215394440     
  0.000000000000000E+000   3.32766208333333      -0.332667180404147     
  0.000000000000000E+000   3.32766208333333      -0.311620768879182     
  0.000000000000000E+000   3.32766208333333      -0.288207659011931     
  0.000000000000000E+000   3.32766208333333      -0.263803401553729     
  0.000000000000000E+000   3.32766208333333      -0.239021518549873     
  0.000000000000000E+000   3.32766208333333      -0.216505347908449     
  0.000000000000000E+000   3.32766208333333      -0.202323491443465     
  0.000000000000000E+000   3.32766208333333      -0.193193809803901     
  0.000000000000000E+000   3.62999500000000      -0.193994951655462     
  0.000000000000000E+000   3.62999500000000      -0.203031371157749     
  0.000000000000000E+000   3.62999500000000      -0.216991202482390     
  0.000000000000000E+000   3.62999500000000      -0.240498234392818     
  0.000000000000000E+000   3.62999500000000      -0.266001743280127     
  0.000000000000000E+000   3.62999500000000      -0.290598003055731     
  0.000000000000000E+000   3.62999500000000      -0.314184713586578     
  0.000000000000000E+000   3.62999500000000      -0.335344646599953     
  0.000000000000000E+000   3.62999500000000      -0.353573996110962     
  0.000000000000000E+000   3.62999500000000      -0.368763520376951     
  0.000000000000000E+000   3.62999500000000      -0.380579661487931     
  0.000000000000000E+000   3.62999500000000      -0.388259947178402     
  0.000000000000000E+000   3.62999500000000      -0.390946832275335     
  0.000000000000000E+000   3.62999500000000      -0.388259801560652     
  0.000000000000000E+000   3.62999500000000      -0.380579411232528     
  0.000000000000000E+000   3.62999500000000      -0.368763171414301     
  0.000000000000000E+000   3.62999500000000      -0.353573606169925     
  0.000000000000000E+000   3.62999500000000      -0.335344282741750     
  0.000000000000000E+000   3.62999500000000      -0.314184423245147     
  0.000000000000000E+000   3.62999500000000      -0.290597821762888     
  0.000000000000000E+000   3.62999500000000      -0.266001643261985     
  0.000000000000000E+000   3.62999500000000      -0.240498201085151     
  0.000000000000000E+000   3.62999500000000      -0.216991074622394     
  0.000000000000000E+000   3.62999500000000      -0.203030862194903     
  0.000000000000000E+000   3.62999500000000      -0.193994913421652     
  0.000000000000000E+000   3.93232791666667      -0.193194177226517     
  0.000000000000000E+000   3.93232791666667      -0.202323986248528     
  0.000000000000000E+000   3.93232791666667      -0.216505533276177     
  0.000000000000000E+000   3.93232791666667      -0.239021605595389     
  0.000000000000000E+000   3.93232791666667      -0.263803577765665     
  0.000000000000000E+000   3.93232791666667      -0.288207853927854     
  0.000000000000000E+000   3.93232791666667      -0.311621047989277     
  0.000000000000000E+000   3.93232791666667      -0.332667515885805     
  0.000000000000000E+000   3.93232791666667      -0.350854555963896     
  0.000000000000000E+000   3.93232791666667      -0.366047033905030     
  0.000000000000000E+000   3.93232791666667      -0.377879558437665     
  0.000000000000000E+000   3.93232791666667      -0.385570737335732     
  0.000000000000000E+000   3.93232791666667      -0.388260498772580     
  0.000000000000000E+000   3.93232791666667      -0.385570600760700     
  0.000000000000000E+000   3.93232791666667      -0.377879303032098     
  0.000000000000000E+000   3.93232791666667      -0.366046706860509     
  0.000000000000000E+000   3.93232791666667      -0.350854183438525     
  0.000000000000000E+000   3.93232791666667      -0.332667168166380     
  0.000000000000000E+000   3.93232791666667      -0.311620767797734     
  0.000000000000000E+000   3.93232791666667      -0.288207654445233     
  0.000000000000000E+000   3.93232791666667      -0.263803379288641     
  0.000000000000000E+000   3.93232791666667      -0.239021431242520     
  0.000000000000000E+000   3.93232791666667      -0.216505195575959     
  0.000000000000000E+000   3.93232791666667      -0.202323351610379     
  0.000000000000000E+000   3.93232791666667      -0.193193755804896     
  0.000000000000000E+000   4.23466083333333      -0.186721224581487     
  0.000000000000000E+000   4.23466083333333      -0.198073068190424     
  0.000000000000000E+000   4.23466083333333      -0.213209070675904     
  0.000000000000000E+000   4.23466083333333      -0.234203021604396     
  0.000000000000000E+000   4.23466083333333      -0.257573300380292     
  0.000000000000000E+000   4.23466083333333      -0.281427802720470     
  0.000000000000000E+000   4.23466083333333      -0.304303643043233     
  0.000000000000000E+000   4.23466083333333      -0.325011595467447     
  0.000000000000000E+000   4.23466083333333      -0.343072355747692     
  0.000000000000000E+000   4.23466083333333      -0.358272264760010     
  0.000000000000000E+000   4.23466083333333      -0.370154222475369     
  0.000000000000000E+000   4.23466083333333      -0.377881374330149     
  0.000000000000000E+000   4.23466083333333      -0.380582058250868     
  0.000000000000000E+000   4.23466083333333      -0.377881257818969     
  0.000000000000000E+000   4.23466083333333      -0.370154028121696     
  0.000000000000000E+000   4.23466083333333      -0.358271995592413     
  0.000000000000000E+000   4.23466083333333      -0.343072042814083     
  0.000000000000000E+000   4.23466083333333      -0.325011303651676     
  0.000000000000000E+000   4.23466083333333      -0.304303395082794     
  0.000000000000000E+000   4.23466083333333      -0.281427610660504     
  0.000000000000000E+000   4.23466083333333      -0.257573110522805     
  0.000000000000000E+000   4.23466083333333      -0.234202772716848     
  0.000000000000000E+000   4.23466083333333      -0.213208663529558     
  0.000000000000000E+000   4.23466083333333      -0.198072469837761     
  0.000000000000000E+000   4.23466083333333      -0.186720732798794     
  0.000000000000000E+000   4.53699375000000      -0.176392830861391     
  0.000000000000000E+000   4.53699375000000      -0.190014384465096     
  0.000000000000000E+000   4.53699375000000      -0.206330510563803     
  0.000000000000000E+000   4.53699375000000      -0.226332807788687     
  0.000000000000000E+000   4.53699375000000      -0.248463713333226     
  0.000000000000000E+000   4.53699375000000      -0.271233165427655     
  0.000000000000000E+000   4.53699375000000      -0.293185665190466     
  0.000000000000000E+000   4.53699375000000      -0.313321364565801     
  0.000000000000000E+000   4.53699375000000      -0.331150994990556     
  0.000000000000000E+000   4.53699375000000      -0.346334331429599     
  0.000000000000000E+000   4.53699375000000      -0.358275001197127     
  0.000000000000000E+000   4.53699375000000      -0.366051559682852     
  0.000000000000000E+000   4.53699375000000      -0.368768627797187     
  0.000000000000000E+000   4.53699375000000      -0.366051494090836     
  0.000000000000000E+000   4.53699375000000      -0.358274871818049     
  0.000000000000000E+000   4.53699375000000      -0.346334131222727     
  0.000000000000000E+000   4.53699375000000      -0.331150775940117     
  0.000000000000000E+000   4.53699375000000      -0.313321143884721     
  0.000000000000000E+000   4.53699375000000      -0.293185478167141     
  0.000000000000000E+000   4.53699375000000      -0.271233010068766     
  0.000000000000000E+000   4.53699375000000      -0.248463550625416     
  0.000000000000000E+000   4.53699375000000      -0.226332578646782     
  0.000000000000000E+000   4.53699375000000      -0.206330163533750     
  0.000000000000000E+000   4.53699375000000      -0.190013936300219     
  0.000000000000000E+000   4.53699375000000      -0.176392448729993     
  0.000000000000000E+000   4.83932666666667      -0.166895341154673     
  0.000000000000000E+000   4.83932666666667      -0.181471684441811     
  0.000000000000000E+000   4.83932666666667      -0.198125360707740     
  0.000000000000000E+000   4.83932666666667      -0.217062604657225     
  0.000000000000000E+000   4.83932666666667      -0.237643746408086     
  0.000000000000000E+000   4.83932666666667      -0.258798431816999     
  0.000000000000000E+000   4.83932666666667      -0.279422934330916     
  0.000000000000000E+000   4.83932666666667      -0.298699082776870     
  0.000000000000000E+000   4.83932666666667      -0.316108135062841     
  0.000000000000000E+000   4.83932666666667      -0.331154279619170     
  0.000000000000000E+000   4.83932666666667      -0.343078268427776     
  0.000000000000000E+000   4.83932666666667      -0.350862155709300     
  0.000000000000000E+000   4.83932666666667      -0.353582156277132     
  0.000000000000000E+000   4.83932666666667      -0.350862119071551     
  0.000000000000000E+000   4.83932666666667      -0.343078195170045     
  0.000000000000000E+000   4.83932666666667      -0.331154164438071     
  0.000000000000000E+000   4.83932666666667      -0.316107992692569     
  0.000000000000000E+000   4.83932666666667      -0.298698937530115     
  0.000000000000000E+000   4.83932666666667      -0.279422820312131     
  0.000000000000000E+000   4.83932666666667      -0.258798322964015     
  0.000000000000000E+000   4.83932666666667      -0.237643627085914     
  0.000000000000000E+000   4.83932666666667      -0.217062440957019     
  0.000000000000000E+000   4.83932666666667      -0.198125124985589     
  0.000000000000000E+000   4.83932666666667      -0.181471395710789     
  0.000000000000000E+000   4.83932666666667      -0.166895077153168     
  0.000000000000000E+000   5.14165958333333      -0.159904739761176     
  0.000000000000000E+000   5.14165958333333      -0.174264052180530     
  0.000000000000000E+000   5.14165958333333      -0.190133784910691     
  0.000000000000000E+000   5.14165958333333      -0.207590436943503     
  0.000000000000000E+000   5.14165958333333      -0.226154632455398     
  0.000000000000000E+000   5.14165958333333      -0.245200779700539     
  0.000000000000000E+000   5.14165958333333      -0.264041202033295     
  0.000000000000000E+000   5.14165958333333      -0.282057355222972     
  0.000000000000000E+000   5.14165958333333      -0.298702523340849     
  0.000000000000000E+000   5.14165958333333      -0.313327926975449     
  0.000000000000000E+000   5.14165958333333      -0.325020552839426     
  0.000000000000000E+000   5.14165958333333      -0.332677947083533     
  0.000000000000000E+000   5.14165958333333      -0.335355566628599     
  0.000000000000000E+000   5.14165958333333      -0.332677933420995     
  0.000000000000000E+000   5.14165958333333      -0.325020523723598     
  0.000000000000000E+000   5.14165958333333      -0.313327868118957     
  0.000000000000000E+000   5.14165958333333      -0.298702448711034     
  0.000000000000000E+000   5.14165958333333      -0.282057279222144     
  0.000000000000000E+000   5.14165958333333      -0.264041121457463     
  0.000000000000000E+000   5.14165958333333      -0.245200696794461     
  0.000000000000000E+000   5.14165958333333      -0.226154538768555     
  0.000000000000000E+000   5.14165958333333      -0.207590315604904     
  0.000000000000000E+000   5.14165958333333      -0.190133633004635     
  0.000000000000000E+000   5.14165958333333      -0.174263882126751     
  0.000000000000000E+000   5.14165958333333      -0.159904582814713     
  0.000000000000000E+000   5.44399250000000      -0.155302312445949     
  0.000000000000000E+000   5.44399250000000      -0.168853201901132     
  0.000000000000000E+000   5.44399250000000      -0.183441298614224     
  0.000000000000000E+000   5.44399250000000      -0.198868135360894     
  0.000000000000000E+000   5.44399250000000      -0.214897682029176     
  0.000000000000000E+000   5.44399250000000      -0.231296950786970     
  0.000000000000000E+000   5.44399250000000      -0.247811810183694     
  0.000000000000000E+000   5.44399250000000      -0.264044456656407     
  0.000000000000000E+000   5.44399250000000      -0.279429455147693     
  0.000000000000000E+000   5.44399250000000      -0.293194951385962     
  0.000000000000000E+000   5.44399250000000      -0.304314897030085     
  0.000000000000000E+000   5.44399250000000      -0.311633429933887     
  0.000000000000000E+000   5.44399250000000      -0.314197454394720     
  0.000000000000000E+000   5.44399250000000      -0.311633434111254     
  0.000000000000000E+000   5.44399250000000      -0.304314897916731     
  0.000000000000000E+000   5.44399250000000      -0.293194934322459     
  0.000000000000000E+000   5.44399250000000      -0.279429430561279     
  0.000000000000000E+000   5.44399250000000      -0.264044417027894     
  0.000000000000000E+000   5.44399250000000      -0.247811740364304     
  0.000000000000000E+000   5.44399250000000      -0.231296868684166     
  0.000000000000000E+000   5.44399250000000      -0.214897582472314     
  0.000000000000000E+000   5.44399250000000      -0.198868026778489     
  0.000000000000000E+000   5.44399250000000      -0.183441185743691     
  0.000000000000000E+000   5.44399250000000      -0.168853093813419     
  0.000000000000000E+000   5.44399250000000      -0.155302224088787     
  0.000000000000000E+000   5.74632541666667      -0.152456345324925     
  0.000000000000000E+000   5.74632541666667      -0.165140821416705     
  0.000000000000000E+000   5.74632541666667      -0.178297126455057     
  0.000000000000000E+000   5.74632541666667      -0.191405320874373     
  0.000000000000000E+000   5.74632541666667      -0.204452498208838     
  0.000000000000000E+000   5.74632541666667      -0.217680443216232     
  0.000000000000000E+000   5.74632541666667      -0.231299778866210     
  0.000000000000000E+000   5.74632541666667      -0.245206689555908     
  0.000000000000000E+000   5.74632541666667      -0.258807238922289     
  0.000000000000000E+000   5.74632541666667      -0.271244187423870     
  0.000000000000000E+000   5.74632541666667      -0.281440095899707     
  0.000000000000000E+000   5.74632541666667      -0.288220625251758     
  0.000000000000000E+000   5.74632541666667      -0.290610873473814     
  0.000000000000000E+000   5.74632541666667      -0.288220637102208     
  0.000000000000000E+000   5.74632541666667      -0.281440113221148     
  0.000000000000000E+000   5.74632541666667      -0.271244190315621     
  0.000000000000000E+000   5.74632541666667      -0.258807219916813     
  0.000000000000000E+000   5.74632541666667      -0.245206638509542     
  0.000000000000000E+000   5.74632541666667      -0.231299689800434     
  0.000000000000000E+000   5.74632541666667      -0.217680320656385     
  0.000000000000000E+000   5.74632541666667      -0.204452351122546     
  0.000000000000000E+000   5.74632541666667      -0.191405183404120     
  0.000000000000000E+000   5.74632541666667      -0.178297019603166     
  0.000000000000000E+000   5.74632541666667      -0.165140755799511     
  0.000000000000000E+000   5.74632541666667      -0.152456312562136     
  0.000000000000000E+000   6.04865833333333      -0.150818472083543     
  0.000000000000000E+000   6.04865833333333      -0.162842152369725     
  0.000000000000000E+000   6.04865833333333      -0.174602181042902     
  0.000000000000000E+000   6.04865833333333      -0.185032214760342     
  0.000000000000000E+000   6.04865833333333      -0.194672894956063     
  0.000000000000000E+000   6.04865833333333      -0.204454732855044     
  0.000000000000000E+000   6.04865833333333      -0.214902638437241     
  0.000000000000000E+000   6.04865833333333      -0.226162370581348     
  0.000000000000000E+000   6.04865833333333      -0.237653910036133     
  0.000000000000000E+000   6.04865833333333      -0.248475261795664     
  0.000000000000000E+000   6.04865833333333      -0.257584704881298     
  0.000000000000000E+000   6.04865833333333      -0.263813741388576     
  0.000000000000000E+000   6.04865833333333      -0.266011327880638     
  0.000000000000000E+000   6.04865833333333      -0.263813754212605     
  0.000000000000000E+000   6.04865833333333      -0.257584714242306     
  0.000000000000000E+000   6.04865833333333      -0.248475249331029     
  0.000000000000000E+000   6.04865833333333      -0.237653871328081     
  0.000000000000000E+000   6.04865833333333      -0.226162281796832     
  0.000000000000000E+000   6.04865833333333      -0.214902491231304     
  0.000000000000000E+000   6.04865833333333      -0.204454532464195     
  0.000000000000000E+000   6.04865833333333      -0.194672666227784     
  0.000000000000000E+000   6.04865833333333      -0.185032006198816     
  0.000000000000000E+000   6.04865833333333      -0.174602053106583     
  0.000000000000000E+000   6.04865833333333      -0.162842129215621     
  0.000000000000000E+000   6.04865833333333      -0.150818497347185     
  0.000000000000000E+000   6.35099125000000      -0.149714800667938     
  0.000000000000000E+000   6.35099125000000      -0.161617295348910     
  0.000000000000000E+000   6.35099125000000      -0.171970461044428     
  0.000000000000000E+000   6.35099125000000      -0.179109099055885     
  0.000000000000000E+000   6.35099125000000      -0.185033501356002     
  0.000000000000000E+000   6.35099125000000      -0.191408855095015     
  0.000000000000000E+000   6.35099125000000      -0.198874353863949     
  0.000000000000000E+000   6.35099125000000      -0.207599224394996     
  0.000000000000000E+000   6.35099125000000      -0.217073360008802     
  0.000000000000000E+000   6.35099125000000      -0.226343632884035     
  0.000000000000000E+000   6.35099125000000      -0.234211454798601     
  0.000000000000000E+000   6.35099125000000      -0.239027052414989     
  0.000000000000000E+000   6.35099125000000      -0.240502356073316     
  0.000000000000000E+000   6.35099125000000      -0.239027026706692     
  0.000000000000000E+000   6.35099125000000      -0.234211430509623     
  0.000000000000000E+000   6.35099125000000      -0.226343598439508     
  0.000000000000000E+000   6.35099125000000      -0.217073293534422     
  0.000000000000000E+000   6.35099125000000      -0.207599101405909     
  0.000000000000000E+000   6.35099125000000      -0.198874153397749     
  0.000000000000000E+000   6.35099125000000      -0.191408581484826     
  0.000000000000000E+000   6.35099125000000      -0.185033177159484     
  0.000000000000000E+000   6.35099125000000      -0.179108776552039     
  0.000000000000000E+000   6.35099125000000      -0.171970269725381     
  0.000000000000000E+000   6.35099125000000      -0.161617301940406     
  0.000000000000000E+000   6.35099125000000      -0.149714883341644     
  0.000000000000000E+000   6.65332416666666      -0.148065973504100     
  0.000000000000000E+000   6.65332416666666      -0.160450368938880     
  0.000000000000000E+000   6.65332416666666      -0.168612615411999     
  0.000000000000000E+000   6.65332416666666      -0.171970421438459     
  0.000000000000000E+000   6.65332416666666      -0.174603565151394     
  0.000000000000000E+000   6.65332416666666      -0.178300916979269     
  0.000000000000000E+000   6.65332416666666      -0.183447926766156     
  0.000000000000000E+000   6.65332416666666      -0.190143112355099     
  0.000000000000000E+000   6.65332416666666      -0.198136432879349     
  0.000000000000000E+000   6.65332416666666      -0.206340895447796     
  0.000000000000000E+000   6.65332416666666      -0.213217093133423     
  0.000000000000000E+000   6.65332416666666      -0.216510878814589     
  0.000000000000000E+000   6.65332416666666      -0.216995585951559     
  0.000000000000000E+000   6.65332416666666      -0.216510813070660     
  0.000000000000000E+000   6.65332416666666      -0.213217040051627     
  0.000000000000000E+000   6.65332416666666      -0.206340849024652     
  0.000000000000000E+000   6.65332416666666      -0.198136347210788     
  0.000000000000000E+000   6.65332416666666      -0.190142960357724     
  0.000000000000000E+000   6.65332416666666      -0.183447685366315     
  0.000000000000000E+000   6.65332416666666      -0.178300586807666     
  0.000000000000000E+000   6.65332416666666      -0.174603164754957     
  0.000000000000000E+000   6.65332416666666      -0.171969993487661     
  0.000000000000000E+000   6.65332416666666      -0.168612270919201     
  0.000000000000000E+000   6.65332416666666      -0.160450340543568     
  0.000000000000000E+000   6.65332416666666      -0.148066065208645     
  0.000000000000000E+000   6.95565708333333      -0.142681854982546     
  0.000000000000000E+000   6.95565708333333      -0.155179083686106     
  0.000000000000000E+000   6.95565708333333      -0.160448744523778     
  0.000000000000000E+000   6.95565708333333      -0.161615987752404     
  0.000000000000000E+000   6.95565708333333      -0.162842646589321     
  0.000000000000000E+000   6.95565708333333      -0.165144050172475     
  0.000000000000000E+000   6.95565708333333      -0.168859642902112     
  0.000000000000000E+000   6.95565708333333      -0.174273626914808     
  0.000000000000000E+000   6.95565708333333      -0.181483407062059     
  0.000000000000000E+000   6.95565708333333      -0.190026975370976     
  0.000000000000000E+000   6.95565708333333      -0.198087030786255     
  0.000000000000000E+000   6.95565708333333      -0.202342465673568     
  0.000000000000000E+000   6.95565708333333      -0.203054296623570     
  0.000000000000000E+000   6.95565708333333      -0.202342421858641     
  0.000000000000000E+000   6.95565708333333      -0.198087048784522     
  0.000000000000000E+000   6.95565708333333      -0.190026994270589     
  0.000000000000000E+000   6.95565708333333      -0.181483336138648     
  0.000000000000000E+000   6.95565708333333      -0.174273483619933     
  0.000000000000000E+000   6.95565708333333      -0.168859391364008     
  0.000000000000000E+000   6.95565708333333      -0.165143709494595     
  0.000000000000000E+000   6.95565708333333      -0.162842228547849     
  0.000000000000000E+000   6.95565708333333      -0.161615505341569     
  0.000000000000000E+000   6.95565708333333      -0.160448280890021     
  0.000000000000000E+000   6.95565708333333      -0.155178948379945     
  0.000000000000000E+000   6.95565708333333      -0.142681858546970     
  0.000000000000000E+000   7.25799000000000      -0.132215734677712     
  0.000000000000000E+000   7.25799000000000      -0.142679935112486     
  0.000000000000000E+000   7.25799000000000      -0.148062518723827     
  0.000000000000000E+000   7.25799000000000      -0.149712108769753     
  0.000000000000000E+000   7.25799000000000      -0.150817902478897     
  0.000000000000000E+000   7.25799000000000      -0.152458803679590     
  0.000000000000000E+000   7.25799000000000      -0.155308323011057     
  0.000000000000000E+000   7.25799000000000      -0.159914399195133     
  0.000000000000000E+000   7.25799000000000      -0.166908101252701     
  0.000000000000000E+000   7.25799000000000      -0.176408864196881     
  0.000000000000000E+000   7.25799000000000      -0.186743433599743     
  0.000000000000000E+000   7.25799000000000      -0.193229128759709     
  0.000000000000000E+000   7.25799000000000      -0.194037467627768     
  0.000000000000000E+000   7.25799000000000      -0.193229149292215     
  0.000000000000000E+000   7.25799000000000      -0.186743606087379     
  0.000000000000000E+000   7.25799000000000      -0.176408992043394     
  0.000000000000000E+000   7.25799000000000      -0.166908092127965     
  0.000000000000000E+000   7.25799000000000      -0.159914282428886     
  0.000000000000000E+000   7.25799000000000      -0.155308080922604     
  0.000000000000000E+000   7.25799000000000      -0.152458473773605     
  0.000000000000000E+000   7.25799000000000      -0.150817511002093     
  0.000000000000000E+000   7.25799000000000      -0.149711696435287     
  0.000000000000000E+000   7.25799000000000      -0.148062151283502     
  0.000000000000000E+000   7.25799000000000      -0.142679846419755     
  0.000000000000000E+000   7.25799000000000      -0.132215673679049     
