  0.000000000000000E+000  2.000000000000000E-003 -0.365970348069781     
  0.000000000000000E+000  2.000000000000000E-003 -0.404851030197124     
  0.000000000000000E+000  2.000000000000000E-003 -0.420215974524598     
  0.000000000000000E+000  2.000000000000000E-003 -0.415144179866047     
  0.000000000000000E+000  2.000000000000000E-003 -0.402796338675984     
  0.000000000000000E+000  2.000000000000000E-003 -0.387439964564196     
  0.000000000000000E+000  2.000000000000000E-003 -0.371167115188255     
  0.000000000000000E+000  2.000000000000000E-003 -0.355547179137048     
  0.000000000000000E+000  2.000000000000000E-003 -0.342290773472195     
  0.000000000000000E+000  2.000000000000000E-003 -0.330794833460437     
  0.000000000000000E+000  2.000000000000000E-003 -0.320625368389930     
  0.000000000000000E+000  2.000000000000000E-003 -0.311789110120530     
  0.000000000000000E+000  2.000000000000000E-003 -0.295404217674841     
  0.000000000000000E+000  2.000000000000000E-003 -0.274616212768738     
  0.000000000000000E+000  2.000000000000000E-003 -0.247050137934941     
  0.000000000000000E+000  2.000000000000000E-003 -0.214587914165228     
  0.000000000000000E+000  2.000000000000000E-003 -0.186171770663533     
  0.000000000000000E+000  2.000000000000000E-003 -0.164286593728371     
  0.000000000000000E+000  2.000000000000000E-003 -0.149324581924593     
  0.000000000000000E+000  2.000000000000000E-003 -0.139944361392264     
  0.000000000000000E+000  2.000000000000000E-003 -0.134979540250447     
  0.000000000000000E+000  2.000000000000000E-003 -0.132786097679628     
  0.000000000000000E+000  2.000000000000000E-003 -0.130418676219897     
  0.000000000000000E+000  2.000000000000000E-003 -0.122380217770742     
  0.000000000000000E+000  2.000000000000000E-003 -0.111202741528281     
  0.000000000000000E+000  0.304332916666667      -0.404872633610028     
  0.000000000000000E+000  0.304332916666667      -0.465753701296707     
  0.000000000000000E+000  0.304332916666667      -0.481424408529089     
  0.000000000000000E+000  0.304332916666667      -0.471790710371346     
  0.000000000000000E+000  0.304332916666667      -0.455788087468524     
  0.000000000000000E+000  0.304332916666667      -0.437561523304333     
  0.000000000000000E+000  0.304332916666667      -0.418483376560317     
  0.000000000000000E+000  0.304332916666667      -0.399194462857709     
  0.000000000000000E+000  0.304332916666667      -0.381344048735966     
  0.000000000000000E+000  0.304332916666667      -0.363373474164290     
  0.000000000000000E+000  0.304332916666667      -0.342113381755598     
  0.000000000000000E+000  0.304332916666667      -0.321015294107636     
  0.000000000000000E+000  0.304332916666667      -0.306525516345522     
  0.000000000000000E+000  0.304332916666667      -0.288168547482014     
  0.000000000000000E+000  0.304332916666667      -0.258779387640049     
  0.000000000000000E+000  0.304332916666667      -0.225708002791361     
  0.000000000000000E+000  0.304332916666667      -0.196679693651220     
  0.000000000000000E+000  0.304332916666667      -0.174039644873790     
  0.000000000000000E+000  0.304332916666667      -0.157933369775621     
  0.000000000000000E+000  0.304332916666667      -0.147342272734933     
  0.000000000000000E+000  0.304332916666667      -0.141196379795540     
  0.000000000000000E+000  0.304332916666667      -0.138207497121242     
  0.000000000000000E+000  0.304332916666667      -0.135948675397125     
  0.000000000000000E+000  0.304332916666667      -0.129349570945667     
  0.000000000000000E+000  0.304332916666667      -0.116402973701688     
  0.000000000000000E+000  0.606665833333333      -0.420249102488264     
  0.000000000000000E+000  0.606665833333333      -0.481447278541074     
  0.000000000000000E+000  0.606665833333333      -0.517290462152390     
  0.000000000000000E+000  0.606665833333333      -0.518423730049730     
  0.000000000000000E+000  0.606665833333333      -0.504831708408406     
  0.000000000000000E+000  0.606665833333333      -0.486617074615779     
  0.000000000000000E+000  0.606665833333333      -0.465928259014555     
  0.000000000000000E+000  0.606665833333333      -0.443589639121034     
  0.000000000000000E+000  0.606665833333333      -0.421306902250236     
  0.000000000000000E+000  0.606665833333333      -0.398938973054147     
  0.000000000000000E+000  0.606665833333333      -0.370901278386076     
  0.000000000000000E+000  0.606665833333333      -0.340471343583025     
  0.000000000000000E+000  0.606665833333333      -0.314266067818022     
  0.000000000000000E+000  0.606665833333333      -0.289752755062641     
  0.000000000000000E+000  0.606665833333333      -0.260799496397872     
  0.000000000000000E+000  0.606665833333333      -0.230322905902441     
  0.000000000000000E+000  0.606665833333333      -0.203517622081249     
  0.000000000000000E+000  0.606665833333333      -0.181698118964657     
  0.000000000000000E+000  0.606665833333333      -0.165238746077787     
  0.000000000000000E+000  0.606665833333333      -0.153848013759071     
  0.000000000000000E+000  0.606665833333333      -0.146742023412883     
  0.000000000000000E+000  0.606665833333333      -0.142588072988985     
  0.000000000000000E+000  0.606665833333333      -0.138276967637878     
  0.000000000000000E+000  0.606665833333333      -0.128590366086560     
  0.000000000000000E+000  0.606665833333333      -0.115887559550905     
  0.000000000000000E+000  0.908998750000000      -0.415174842758192     
  0.000000000000000E+000  0.908998750000000      -0.471815567728940     
  0.000000000000000E+000  0.908998750000000      -0.518433944223146     
  0.000000000000000E+000  0.908998750000000      -0.537338850275235     
  0.000000000000000E+000  0.908998750000000      -0.536343084930011     
  0.000000000000000E+000  0.908998750000000      -0.524520333494838     
  0.000000000000000E+000  0.908998750000000      -0.506018813854934     
  0.000000000000000E+000  0.908998750000000      -0.482079491941251     
  0.000000000000000E+000  0.908998750000000      -0.457892037470886     
  0.000000000000000E+000  0.908998750000000      -0.431273716071826     
  0.000000000000000E+000  0.908998750000000      -0.399255660885787     
  0.000000000000000E+000  0.908998750000000      -0.362886810611315     
  0.000000000000000E+000  0.908998750000000      -0.327143995805703     
  0.000000000000000E+000  0.908998750000000      -0.293946879102832     
  0.000000000000000E+000  0.908998750000000      -0.262372670590511     
  0.000000000000000E+000  0.908998750000000      -0.233335454730171     
  0.000000000000000E+000  0.908998750000000      -0.208436024141032     
  0.000000000000000E+000  0.908998750000000      -0.187524706695407     
  0.000000000000000E+000  0.908998750000000      -0.170740949292085     
  0.000000000000000E+000  0.908998750000000      -0.158439964896278     
  0.000000000000000E+000  0.908998750000000      -0.149787420472393     
  0.000000000000000E+000  0.908998750000000      -0.143209280369510     
  0.000000000000000E+000  0.908998750000000      -0.135873665845957     
  0.000000000000000E+000  0.908998750000000      -0.125171867246204     
  0.000000000000000E+000  0.908998750000000      -0.114228826982830     
  0.000000000000000E+000   1.21133166666667      -0.402820717047528     
  0.000000000000000E+000   1.21133166666667      -0.455806967864627     
  0.000000000000000E+000   1.21133166666667      -0.504841525250314     
  0.000000000000000E+000   1.21133166666667      -0.536345843407113     
  0.000000000000000E+000   1.21133166666667      -0.548819643887874     
  0.000000000000000E+000   1.21133166666667      -0.546449072771748     
  0.000000000000000E+000   1.21133166666667      -0.531931293003152     
  0.000000000000000E+000   1.21133166666667      -0.510399904864188     
  0.000000000000000E+000   1.21133166666667      -0.486223261508948     
  0.000000000000000E+000   1.21133166666667      -0.455436702019216     
  0.000000000000000E+000   1.21133166666667      -0.418277375232657     
  0.000000000000000E+000   1.21133166666667      -0.377655891346039     
  0.000000000000000E+000   1.21133166666667      -0.336826849114864     
  0.000000000000000E+000   1.21133166666667      -0.298831218563907     
  0.000000000000000E+000   1.21133166666667      -0.265240823811537     
  0.000000000000000E+000   1.21133166666667      -0.236565085733369     
  0.000000000000000E+000   1.21133166666667      -0.212253307230633     
  0.000000000000000E+000   1.21133166666667      -0.191649384826456     
  0.000000000000000E+000   1.21133166666667      -0.174497662282446     
  0.000000000000000E+000   1.21133166666667      -0.161040690111391     
  0.000000000000000E+000   1.21133166666667      -0.150595638414396     
  0.000000000000000E+000   1.21133166666667      -0.141725504477430     
  0.000000000000000E+000   1.21133166666667      -0.132572452954838     
  0.000000000000000E+000   1.21133166666667      -0.122243180108215     
  0.000000000000000E+000   1.21133166666667      -0.112458450962003     
  0.000000000000000E+000   1.51366458333333      -0.387456707283167     
  0.000000000000000E+000   1.51366458333333      -0.437573258102140     
  0.000000000000000E+000   1.51366458333333      -0.486622939459285     
  0.000000000000000E+000   1.51366458333333      -0.524521887106809     
  0.000000000000000E+000   1.51366458333333      -0.546448868284007     
  0.000000000000000E+000   1.51366458333333      -0.551322551177344     
  0.000000000000000E+000   1.51366458333333      -0.541929029801306     
  0.000000000000000E+000   1.51366458333333      -0.526121479614547     
  0.000000000000000E+000   1.51366458333333      -0.501916555551515     
  0.000000000000000E+000   1.51366458333333      -0.468175929767061     
  0.000000000000000E+000   1.51366458333333      -0.427175179557649     
  0.000000000000000E+000   1.51366458333333      -0.383102540469929     
  0.000000000000000E+000   1.51366458333333      -0.340142260581223     
  0.000000000000000E+000   1.51366458333333      -0.301209032040002     
  0.000000000000000E+000   1.51366458333333      -0.267557379616994     
  0.000000000000000E+000   1.51366458333333      -0.239048287458802     
  0.000000000000000E+000   1.51366458333333      -0.214868527864958     
  0.000000000000000E+000   1.51366458333333      -0.194240453923366     
  0.000000000000000E+000   1.51366458333333      -0.176738913727965     
  0.000000000000000E+000   1.51366458333333      -0.162202202610351     
  0.000000000000000E+000   1.51366458333333      -0.150219613560796     
  0.000000000000000E+000   1.51366458333333      -0.139722618783345     
  0.000000000000000E+000   1.51366458333333      -0.129633918404757     
  0.000000000000000E+000   1.51366458333333      -0.119594287859754     
  0.000000000000000E+000   1.51366458333333      -0.110323317007559     
  0.000000000000000E+000   1.81599750000000      -0.371176648545726     
  0.000000000000000E+000   1.81599750000000      -0.418489113184317     
  0.000000000000000E+000   1.81599750000000      -0.465930282198218     
  0.000000000000000E+000   1.81599750000000      -0.506018249455630     
  0.000000000000000E+000   1.81599750000000      -0.531929650192251     
  0.000000000000000E+000   1.81599750000000      -0.541927614263812     
  0.000000000000000E+000   1.81599750000000      -0.540550841822447     
  0.000000000000000E+000   1.81599750000000      -0.527548652680746     
  0.000000000000000E+000   1.81599750000000      -0.502346183003893     
  0.000000000000000E+000   1.81599750000000      -0.466662004730078     
  0.000000000000000E+000   1.81599750000000      -0.424367095520410     
  0.000000000000000E+000   1.81599750000000      -0.380137102640514     
  0.000000000000000E+000   1.81599750000000      -0.337943556991336     
  0.000000000000000E+000   1.81599750000000      -0.300166253402816     
  0.000000000000000E+000   1.81599750000000      -0.267540826940054     
  0.000000000000000E+000   1.81599750000000      -0.239692769455143     
  0.000000000000000E+000   1.81599750000000      -0.215838633496337     
  0.000000000000000E+000   1.81599750000000      -0.195287896216970     
  0.000000000000000E+000   1.81599750000000      -0.177592473141492     
  0.000000000000000E+000   1.81599750000000      -0.162424892288416     
  0.000000000000000E+000   1.81599750000000      -0.149368641491570     
  0.000000000000000E+000   1.81599750000000      -0.137806672845220     
  0.000000000000000E+000   1.81599750000000      -0.127121479833570     
  0.000000000000000E+000   1.81599750000000      -0.117120206209576     
  0.000000000000000E+000   1.81599750000000      -0.108038467961087     
  0.000000000000000E+000   2.11833041666667      -0.355550707703681     
  0.000000000000000E+000   2.11833041666667      -0.399195787693593     
  0.000000000000000E+000   2.11833041666667      -0.443588678523782     
  0.000000000000000E+000   2.11833041666667      -0.482076591486133     
  0.000000000000000E+000   2.11833041666667      -0.510396071334944     
  0.000000000000000E+000   2.11833041666667      -0.526117917246641     
  0.000000000000000E+000   2.11833041666667      -0.527546436847912     
  0.000000000000000E+000   2.11833041666667      -0.514183769551220     
  0.000000000000000E+000   2.11833041666667      -0.487554392109594     
  0.000000000000000E+000   2.11833041666667      -0.451267381512356     
  0.000000000000000E+000   2.11833041666667      -0.410060105743482     
  0.000000000000000E+000   2.11833041666667      -0.368404767876540     
  0.000000000000000E+000   2.11833041666667      -0.329441009554429     
  0.000000000000000E+000   2.11833041666667      -0.294660246016001     
  0.000000000000000E+000   2.11833041666667      -0.264267015804681     
  0.000000000000000E+000   2.11833041666667      -0.237823047267123     
  0.000000000000000E+000   2.11833041666667      -0.214773875836362     
  0.000000000000000E+000   2.11833041666667      -0.194671932291355     
  0.000000000000000E+000   2.11833041666667      -0.177153447179533     
  0.000000000000000E+000   2.11833041666667      -0.161841800572489     
  0.000000000000000E+000   2.11833041666667      -0.148310209329448     
  0.000000000000000E+000   2.11833041666667      -0.136136830192989     
  0.000000000000000E+000   2.11833041666667      -0.125030065019069     
  0.000000000000000E+000   2.11833041666667      -0.114958358152365     
  0.000000000000000E+000   2.11833041666667      -0.105964573208103     
  0.000000000000000E+000   2.42066333333333      -0.342290225795866     
  0.000000000000000E+000   2.42066333333333      -0.381343198414367     
  0.000000000000000E+000   2.42066333333333      -0.421304336903707     
  0.000000000000000E+000   2.42066333333333      -0.457887380117917     
  0.000000000000000E+000   2.42066333333333      -0.486217318713505     
  0.000000000000000E+000   2.42066333333333      -0.501910524896014     
  0.000000000000000E+000   2.42066333333333      -0.502341207084167     
  0.000000000000000E+000   2.42066333333333      -0.487551472136958     
  0.000000000000000E+000   2.42066333333333      -0.460331553782067     
  0.000000000000000E+000   2.42066333333333      -0.425287330372453     
  0.000000000000000E+000   2.42066333333333      -0.387304649170949     
  0.000000000000000E+000   2.42066333333333      -0.350171473989993     
  0.000000000000000E+000   2.42066333333333      -0.315957630608970     
  0.000000000000000E+000   2.42066333333333      -0.285243393065307     
  0.000000000000000E+000   2.42066333333333      -0.257818036646114     
  0.000000000000000E+000   2.42066333333333      -0.233326804822660     
  0.000000000000000E+000   2.42066333333333      -0.211549356507494     
  0.000000000000000E+000   2.42066333333333      -0.192332748476181     
  0.000000000000000E+000   2.42066333333333      -0.175423125403012     
  0.000000000000000E+000   2.42066333333333      -0.160420239195023     
  0.000000000000000E+000   2.42066333333333      -0.146896754921519     
  0.000000000000000E+000   2.42066333333333      -0.134561401852074     
  0.000000000000000E+000   2.42066333333333      -0.123329538060788     
  0.000000000000000E+000   2.42066333333333      -0.113281848177805     
  0.000000000000000E+000   2.42066333333333      -0.104513443994638     
  0.000000000000000E+000   2.72299625000000      -0.330791534782924     
  0.000000000000000E+000   2.72299625000000      -0.363373415721730     
  0.000000000000000E+000   2.72299625000000      -0.398938927691323     
  0.000000000000000E+000   2.72299625000000      -0.431269631553610     
  0.000000000000000E+000   2.72299625000000      -0.455429072120137     
  0.000000000000000E+000   2.72299625000000      -0.468167173667307     
  0.000000000000000E+000   2.72299625000000      -0.466653785407507     
  0.000000000000000E+000   2.72299625000000      -0.451260950362438     
  0.000000000000000E+000   2.72299625000000      -0.425283721529416     
  0.000000000000000E+000   2.72299625000000      -0.393491039748928     
  0.000000000000000E+000   2.72299625000000      -0.360333622233115     
  0.000000000000000E+000   2.72299625000000      -0.328698346127490     
  0.000000000000000E+000   2.72299625000000      -0.299678302412619     
  0.000000000000000E+000   2.72299625000000      -0.273191887650476     
  0.000000000000000E+000   2.72299625000000      -0.248854533719377     
  0.000000000000000E+000   2.72299625000000      -0.226526483095707     
  0.000000000000000E+000   2.72299625000000      -0.206332560283607     
  0.000000000000000E+000   2.72299625000000      -0.188362488751347     
  0.000000000000000E+000   2.72299625000000      -0.172426194459286     
  0.000000000000000E+000   2.72299625000000      -0.158091061311746     
  0.000000000000000E+000   2.72299625000000      -0.144938699436509     
  0.000000000000000E+000   2.72299625000000      -0.132788931642570     
  0.000000000000000E+000   2.72299625000000      -0.121756204441804     
  0.000000000000000E+000   2.72299625000000      -0.112206163792652     
  0.000000000000000E+000   2.72299625000000      -0.104026839547639     
  0.000000000000000E+000   3.02532916666667      -0.320613283559828     
  0.000000000000000E+000   3.02532916666667      -0.342110945729289     
  0.000000000000000E+000   3.02532916666667      -0.370903184539413     
  0.000000000000000E+000   3.02532916666667      -0.399253339133813     
  0.000000000000000E+000   3.02532916666667      -0.418268229496402     
  0.000000000000000E+000   3.02532916666667      -0.427163222136691     
  0.000000000000000E+000   3.02532916666667      -0.424355120730054     
  0.000000000000000E+000   3.02532916666667      -0.410049717502384     
  0.000000000000000E+000   3.02532916666667      -0.387297030944724     
  0.000000000000000E+000   3.02532916666667      -0.360329624440418     
  0.000000000000000E+000   3.02532916666667      -0.332785747660806     
  0.000000000000000E+000   3.02532916666667      -0.306675835748853     
  0.000000000000000E+000   3.02532916666667      -0.282426836072980     
  0.000000000000000E+000   3.02532916666667      -0.259676681868142     
  0.000000000000000E+000   3.02532916666667      -0.238131596623415     
  0.000000000000000E+000   3.02532916666667      -0.217938195357578     
  0.000000000000000E+000   3.02532916666667      -0.199488229879961     
  0.000000000000000E+000   3.02532916666667      -0.182992396000954     
  0.000000000000000E+000   3.02532916666667      -0.168249187059873     
  0.000000000000000E+000   3.02532916666667      -0.154790575029805     
  0.000000000000000E+000   3.02532916666667      -0.142248200421246     
  0.000000000000000E+000   3.02532916666667      -0.130571018980680     
  0.000000000000000E+000   3.02532916666667      -0.120043916882294     
  0.000000000000000E+000   3.02532916666667      -0.111314489895837     
  0.000000000000000E+000   3.02532916666667      -0.104064345691014     
  0.000000000000000E+000   3.32766208333333      -0.311750941017304     
  0.000000000000000E+000   3.32766208333333      -0.320998448747242     
  0.000000000000000E+000   3.32766208333333      -0.340469253284775     
  0.000000000000000E+000   3.32766208333333      -0.362882556901530     
  0.000000000000000E+000   3.32766208333333      -0.377644112133924     
  0.000000000000000E+000   3.32766208333333      -0.383086611058999     
  0.000000000000000E+000   3.32766208333333      -0.380120963814951     
  0.000000000000000E+000   3.32766208333333      -0.368390289911281     
  0.000000000000000E+000   3.32766208333333      -0.350159902502447     
  0.000000000000000E+000   3.32766208333333      -0.328690516479801     
  0.000000000000000E+000   3.32766208333333      -0.306672066653257     
  0.000000000000000E+000   3.32766208333333      -0.285427871659750     
  0.000000000000000E+000   3.32766208333333      -0.265091716624173     
  0.000000000000000E+000   3.32766208333333      -0.245370639038987     
  0.000000000000000E+000   3.32766208333333      -0.226236347535048     
  0.000000000000000E+000   3.32766208333333      -0.208094887984740     
  0.000000000000000E+000   3.32766208333333      -0.191460958700804     
  0.000000000000000E+000   3.32766208333333      -0.176526832272360     
  0.000000000000000E+000   3.32766208333333      -0.163023020964060     
  0.000000000000000E+000   3.32766208333333      -0.150471754083332     
  0.000000000000000E+000   3.32766208333333      -0.138607583097137     
  0.000000000000000E+000   3.32766208333333      -0.127439139426352     
  0.000000000000000E+000   3.32766208333333      -0.117384995843410     
  0.000000000000000E+000   3.32766208333333      -0.109444225916145     
  0.000000000000000E+000   3.32766208333333      -0.103155968827318     
  0.000000000000000E+000   3.62999500000000      -0.295342468697683     
  0.000000000000000E+000   3.62999500000000      -0.306487808637487     
  0.000000000000000E+000   3.62999500000000      -0.314252540299466     
  0.000000000000000E+000   3.62999500000000      -0.327132463189661     
  0.000000000000000E+000   3.62999500000000      -0.336809789547345     
  0.000000000000000E+000   3.62999500000000      -0.340121740671888     
  0.000000000000000E+000   3.62999500000000      -0.337923328419709     
  0.000000000000000E+000   3.62999500000000      -0.329422882071435     
  0.000000000000000E+000   3.62999500000000      -0.315942773395912     
  0.000000000000000E+000   3.62999500000000      -0.299667433501270     
  0.000000000000000E+000   3.62999500000000      -0.282420140318067     
  0.000000000000000E+000   3.62999500000000      -0.265088804730659     
  0.000000000000000E+000   3.62999500000000      -0.247811792515891     
  0.000000000000000E+000   3.62999500000000      -0.230564860925605     
  0.000000000000000E+000   3.62999500000000      -0.213610539371069     
  0.000000000000000E+000   3.62999500000000      -0.197494955400852     
  0.000000000000000E+000   3.62999500000000      -0.182693654803543     
  0.000000000000000E+000   3.62999500000000      -0.169277195214926     
  0.000000000000000E+000   3.62999500000000      -0.156903537716673     
  0.000000000000000E+000   3.62999500000000      -0.145142746309272     
  0.000000000000000E+000   3.62999500000000      -0.133860644332650     
  0.000000000000000E+000   3.62999500000000      -0.123215542722230     
  0.000000000000000E+000   3.62999500000000      -0.113753249086008     
  0.000000000000000E+000   3.62999500000000      -0.106535939800785     
  0.000000000000000E+000   3.62999500000000      -0.101011534159982     
  0.000000000000000E+000   3.93232791666667      -0.274559660398121     
  0.000000000000000E+000   3.93232791666667      -0.288127061254831     
  0.000000000000000E+000   3.93232791666667      -0.289728456635926     
  0.000000000000000E+000   3.93232791666667      -0.293926162089479     
  0.000000000000000E+000   3.93232791666667      -0.298807899413147     
  0.000000000000000E+000   3.93232791666667      -0.301184414054212     
  0.000000000000000E+000   3.93232791666667      -0.300142927879163     
  0.000000000000000E+000   3.93232791666667      -0.294639678869736     
  0.000000000000000E+000   3.93232791666667      -0.285226567019324     
  0.000000000000000E+000   3.93232791666667      -0.273179321645796     
  0.000000000000000E+000   3.93232791666667      -0.259668363198643     
  0.000000000000000E+000   3.93232791666667      -0.245366045149248     
  0.000000000000000E+000   3.93232791666667      -0.230563095986739     
  0.000000000000000E+000   3.93232791666667      -0.215522590761462     
  0.000000000000000E+000   3.93232791666667      -0.200693714374552     
  0.000000000000000E+000   3.93232791666667      -0.186605063787574     
  0.000000000000000E+000   3.93232791666667      -0.173571496890430     
  0.000000000000000E+000   3.93232791666667      -0.161511480127478     
  0.000000000000000E+000   3.93232791666667      -0.150063331651916     
  0.000000000000000E+000   3.93232791666667      -0.138922895066428     
  0.000000000000000E+000   3.93232791666667      -0.128128073119758     
  0.000000000000000E+000   3.93232791666667      -0.118088354927282     
  0.000000000000000E+000   3.93232791666667      -0.109524626129739     
  0.000000000000000E+000   3.93232791666667      -0.103087933920742     
  0.000000000000000E+000   3.93232791666667      -9.720627606444934E-002
  0.000000000000000E+000   4.23466083333333      -0.247007290156861     
  0.000000000000000E+000   4.23466083333333      -0.258742723205139     
  0.000000000000000E+000   4.23466083333333      -0.260770215399676     
  0.000000000000000E+000   4.23466083333333      -0.262345825922604     
  0.000000000000000E+000   4.23466083333333      -0.265213500712818     
  0.000000000000000E+000   4.23466083333333      -0.267530794252069     
  0.000000000000000E+000   4.23466083333333      -0.267516430895622     
  0.000000000000000E+000   4.23466083333333      -0.264245934974120     
  0.000000000000000E+000   4.23466083333333      -0.257801043563560     
  0.000000000000000E+000   4.23466083333333      -0.248841921092012     
  0.000000000000000E+000   4.23466083333333      -0.238123138570680     
  0.000000000000000E+000   4.23466083333333      -0.226231389654173     
  0.000000000000000E+000   4.23466083333333      -0.213608174144754     
  0.000000000000000E+000   4.23466083333333      -0.200692971665050     
  0.000000000000000E+000   4.23466083333333      -0.187966180352211     
  0.000000000000000E+000   4.23466083333333      -0.175816881216327     
  0.000000000000000E+000   4.23466083333333      -0.164362196429728     
  0.000000000000000E+000   4.23466083333333      -0.153415654010073     
  0.000000000000000E+000   4.23466083333333      -0.142680730206040     
  0.000000000000000E+000   4.23466083333333      -0.132043018470492     
  0.000000000000000E+000   4.23466083333333      -0.121731457219734     
  0.000000000000000E+000   4.23466083333333      -0.112265359316657     
  0.000000000000000E+000   4.23466083333333      -0.104374558025955     
  0.000000000000000E+000   4.23466083333333      -9.822193161426837E-002
  0.000000000000000E+000   4.23466083333333      -9.237516046242621E-002
  0.000000000000000E+000   4.53699375000000      -0.214554434592394     
  0.000000000000000E+000   4.53699375000000      -0.225676845552148     
  0.000000000000000E+000   4.53699375000000      -0.230294245023436     
  0.000000000000000E+000   4.53699375000000      -0.233307780670179     
  0.000000000000000E+000   4.53699375000000      -0.236538149344168     
  0.000000000000000E+000   4.53699375000000      -0.239022914181490     
  0.000000000000000E+000   4.53699375000000      -0.239669952538744     
  0.000000000000000E+000   4.53699375000000      -0.237803721061304     
  0.000000000000000E+000   4.53699375000000      -0.233311566129918     
  0.000000000000000E+000   4.53699375000000      -0.226515427612306     
  0.000000000000000E+000   4.53699375000000      -0.217930930225413     
  0.000000000000000E+000   4.53699375000000      -0.208090682621979     
  0.000000000000000E+000   4.53699375000000      -0.197492940089637     
  0.000000000000000E+000   4.53699375000000      -0.186604393760375     
  0.000000000000000E+000   4.53699375000000      -0.175816831050068     
  0.000000000000000E+000   4.53699375000000      -0.165345741837626     
  0.000000000000000E+000   4.53699375000000      -0.155164542741794     
  0.000000000000000E+000   4.53699375000000      -0.145077395359921     
  0.000000000000000E+000   4.53699375000000      -0.134925857239597     
  0.000000000000000E+000   4.53699375000000      -0.124794027785055     
  0.000000000000000E+000   4.53699375000000      -0.115049044300066     
  0.000000000000000E+000   4.53699375000000      -0.106171183109112     
  0.000000000000000E+000   4.53699375000000      -9.859699392856328E-002
  0.000000000000000E+000   4.53699375000000      -9.231297486613796E-002
  0.000000000000000E+000   4.53699375000000      -8.632961450025829E-002
  0.000000000000000E+000   4.83932666666667      -0.186145716442909     
  0.000000000000000E+000   4.83932666666667      -0.196654837745251     
  0.000000000000000E+000   4.83932666666667      -0.203493575309830     
  0.000000000000000E+000   4.83932666666667      -0.208412638197996     
  0.000000000000000E+000   4.83932666666667      -0.212230777347943     
  0.000000000000000E+000   4.83932666666667      -0.214847470514994     
  0.000000000000000E+000   4.83932666666667      -0.215819930606660     
  0.000000000000000E+000   4.83932666666667      -0.214758347815531     
  0.000000000000000E+000   4.83932666666667      -0.211537460878850     
  0.000000000000000E+000   4.83932666666667      -0.206324260036965     
  0.000000000000000E+000   4.83932666666667      -0.199483058830736     
  0.000000000000000E+000   4.83932666666667      -0.191458209115823     
  0.000000000000000E+000   4.83932666666667      -0.182692574428768     
  0.000000000000000E+000   4.83932666666667      -0.173571413541334     
  0.000000000000000E+000   4.83932666666667      -0.164362556047772     
  0.000000000000000E+000   4.83932666666667      -0.155164898940605     
  0.000000000000000E+000   4.83932666666667      -0.145919110518402     
  0.000000000000000E+000   4.83932666666667      -0.136515917915546     
  0.000000000000000E+000   4.83932666666667      -0.126959380142503     
  0.000000000000000E+000   4.83932666666667      -0.117473215874063     
  0.000000000000000E+000   4.83932666666667      -0.108454630499210     
  0.000000000000000E+000   4.83932666666667      -0.100285856838575     
  0.000000000000000E+000   4.83932666666667      -9.312264330060924E-002
  0.000000000000000E+000   4.83932666666667      -8.678192622594880E-002
  0.000000000000000E+000   4.83932666666667      -8.077350560568890E-002
  0.000000000000000E+000   5.14165958333333      -0.164268294898533     
  0.000000000000000E+000   5.14165958333333      -0.174022728495794     
  0.000000000000000E+000   5.14165958333333      -0.181681732333803     
  0.000000000000000E+000   5.14165958333333      -0.187508604359759     
  0.000000000000000E+000   5.14165958333333      -0.191633757601814     
  0.000000000000000E+000   5.14165958333333      -0.194225836326548     
  0.000000000000000E+000   5.14165958333333      -0.195275036029130     
  0.000000000000000E+000   5.14165958333333      -0.194661503274755     
  0.000000000000000E+000   5.14165958333333      -0.192325086512209     
  0.000000000000000E+000   5.14165958333333      -0.188357497897210     
  0.000000000000000E+000   5.14165958333333      -0.182989643687277     
  0.000000000000000E+000   5.14165958333333      -0.176525743221992     
  0.000000000000000E+000   5.14165958333333      -0.169277221766639     
  0.000000000000000E+000   5.14165958333333      -0.161512173536427     
  0.000000000000000E+000   5.14165958333333      -0.153416646036023     
  0.000000000000000E+000   5.14165958333333      -0.145078354812517     
  0.000000000000000E+000   5.14165958333333      -0.136516534710720     
  0.000000000000000E+000   5.14165958333333      -0.127762270405972     
  0.000000000000000E+000   5.14165958333333      -0.118947511410801     
  0.000000000000000E+000   5.14165958333333      -0.110332080778207     
  0.000000000000000E+000   5.14165958333333      -0.102226653783574     
  0.000000000000000E+000   5.14165958333333      -9.484806249005237E-002
  0.000000000000000E+000   5.14165958333333      -8.821377078929170E-002
  0.000000000000000E+000   5.14165958333333      -8.216246318637911E-002
  0.000000000000000E+000   5.14165958333333      -7.634630882240204E-002
  0.000000000000000E+000   5.44399250000000      -0.149314908452866     
  0.000000000000000E+000   5.44399250000000      -0.157925914868411     
  0.000000000000000E+000   5.44399250000000      -0.165231572233671     
  0.000000000000000E+000   5.44399250000000      -0.170733155282974     
  0.000000000000000E+000   5.44399250000000      -0.174489601926021     
  0.000000000000000E+000   5.44399250000000      -0.176731417879374     
  0.000000000000000E+000   5.44399250000000      -0.177585996595677     
  0.000000000000000E+000   5.44399250000000      -0.177148412162440     
  0.000000000000000E+000   5.44399250000000      -0.175419750410378     
  0.000000000000000E+000   5.44399250000000      -0.172424383281231     
  0.000000000000000E+000   5.44399250000000      -0.168248617504477     
  0.000000000000000E+000   5.44399250000000      -0.163023329383506     
  0.000000000000000E+000   5.44399250000000      -0.156904457038488     
  0.000000000000000E+000   5.44399250000000      -0.150064692427603     
  0.000000000000000E+000   5.44399250000000      -0.142682364005030     
  0.000000000000000E+000   5.44399250000000      -0.134927525036357     
  0.000000000000000E+000   5.44399250000000      -0.126960784600875     
  0.000000000000000E+000   5.44399250000000      -0.118948350764703     
  0.000000000000000E+000   5.44399250000000      -0.111076506882502     
  0.000000000000000E+000   5.44399250000000      -0.103537090649723     
  0.000000000000000E+000   5.44399250000000      -9.647532487765742E-002
  0.000000000000000E+000   5.44399250000000      -8.997483972259913E-002
  0.000000000000000E+000   5.44399250000000      -8.400903791164593E-002
  0.000000000000000E+000   5.44399250000000      -7.838715111054684E-002
  0.000000000000000E+000   5.44399250000000      -7.289921517247204E-002
  0.000000000000000E+000   5.74632541666667      -0.139943061455329     
  0.000000000000000E+000   5.74632541666667      -0.147344906205786     
  0.000000000000000E+000   5.74632541666667      -0.153850818311725     
  0.000000000000000E+000   5.74632541666667      -0.158441159279961     
  0.000000000000000E+000   5.74632541666667      -0.161040311882263     
  0.000000000000000E+000   5.74632541666667      -0.162201203523364     
  0.000000000000000E+000   5.74632541666667      -0.162424155907068     
  0.000000000000000E+000   5.74632541666667      -0.161841508040859     
  0.000000000000000E+000   5.74632541666667      -0.160420486952687     
  0.000000000000000E+000   5.74632541666667      -0.158091767665507     
  0.000000000000000E+000   5.74632541666667      -0.154791518878914     
  0.000000000000000E+000   5.74632541666667      -0.150472786188995     
  0.000000000000000E+000   5.74632541666667      -0.145143958828086     
  0.000000000000000E+000   5.74632541666667      -0.138924517806700     
  0.000000000000000E+000   5.74632541666667      -0.132045123315625     
  0.000000000000000E+000   5.74632541666667      -0.124796408530595     
  0.000000000000000E+000   5.74632541666667      -0.117475514524494     
  0.000000000000000E+000   5.74632541666667      -0.110333938975148     
  0.000000000000000E+000   5.74632541666667      -0.103538193812536     
  0.000000000000000E+000   5.74632541666667      -9.715772311526059E-002
  0.000000000000000E+000   5.74632541666667      -9.120605869919914E-002
  0.000000000000000E+000   5.74632541666667      -8.566442803119115E-002
  0.000000000000000E+000   5.74632541666667      -8.040708501796751E-002
  0.000000000000000E+000   5.74632541666667      -7.525735893603393E-002
  0.000000000000000E+000   5.74632541666667      -7.010401708224048E-002
  0.000000000000000E+000   6.04865833333333      -0.134985539162178     
  0.000000000000000E+000   6.04865833333333      -0.141209077927593     
  0.000000000000000E+000   6.04865833333333      -0.146754631823639     
  0.000000000000000E+000   6.04865833333333      -0.149796981286603     
  0.000000000000000E+000   6.04865833333333      -0.150602135693042     
  0.000000000000000E+000   6.04865833333333      -0.150224082438157     
  0.000000000000000E+000   6.04865833333333      -0.149372175615515     
  0.000000000000000E+000   6.04865833333333      -0.148313360925896     
  0.000000000000000E+000   6.04865833333333      -0.146899546905525     
  0.000000000000000E+000   6.04865833333333      -0.144940999607883     
  0.000000000000000E+000   6.04865833333333      -0.142249688355653     
  0.000000000000000E+000   6.04865833333333      -0.138608131470894     
  0.000000000000000E+000   6.04865833333333      -0.133860902045791     
  0.000000000000000E+000   6.04865833333333      -0.128129079051774     
  0.000000000000000E+000   6.04865833333333      -0.121733697845435     
  0.000000000000000E+000   6.04865833333333      -0.115052123785868     
  0.000000000000000E+000   6.04865833333333      -0.108457921922869     
  0.000000000000000E+000   6.04865833333333      -0.102229689829391     
  0.000000000000000E+000   6.04865833333333      -9.647779889560446E-002
  0.000000000000000E+000   6.04865833333333      -9.120751538562330E-002
  0.000000000000000E+000   6.04865833333333      -8.634840673747675E-002
  0.000000000000000E+000   6.04865833333333      -8.176955914102946E-002
  0.000000000000000E+000   6.04865833333333      -7.724697901005931E-002
  0.000000000000000E+000   6.04865833333333      -7.255881620867685E-002
  0.000000000000000E+000   6.04865833333333      -6.770070981780850E-002
  0.000000000000000E+000   6.35099125000000      -0.132797683309798     
  0.000000000000000E+000   6.35099125000000      -0.138229673467066     
  0.000000000000000E+000   6.35099125000000      -0.142608753907858     
  0.000000000000000E+000   6.35099125000000      -0.143224868491230     
  0.000000000000000E+000   6.35099125000000      -0.141736459259398     
  0.000000000000000E+000   6.35099125000000      -0.139730431768356     
  0.000000000000000E+000   6.35099125000000      -0.137812672010764     
  0.000000000000000E+000   6.35099125000000      -0.136141848992260     
  0.000000000000000E+000   6.35099125000000      -0.134565607847699     
  0.000000000000000E+000   6.35099125000000      -0.132791982090100     
  0.000000000000000E+000   6.35099125000000      -0.130572167727820     
  0.000000000000000E+000   6.35099125000000      -0.127438231714439     
  0.000000000000000E+000   6.35099125000000      -0.123213901885176     
  0.000000000000000E+000   6.35099125000000      -0.118088157520030     
  0.000000000000000E+000   6.35099125000000      -0.112267574801957     
  0.000000000000000E+000   6.35099125000000      -0.106175108695599     
  0.000000000000000E+000   6.35099125000000      -0.100290308250690     
  0.000000000000000E+000   6.35099125000000      -9.485240289980103E-002
  0.000000000000000E+000   6.35099125000000      -8.997875697134627E-002
  0.000000000000000E+000   6.35099125000000      -8.566750634583273E-002
  0.000000000000000E+000   6.35099125000000      -8.177140120440261E-002
  0.000000000000000E+000   6.35099125000000      -7.810969644994882E-002
  0.000000000000000E+000   6.35099125000000      -7.434939000853792E-002
  0.000000000000000E+000   6.35099125000000      -7.009485226335090E-002
  0.000000000000000E+000   6.35099125000000      -6.542955019481958E-002
  0.000000000000000E+000   6.65332416666666      -0.130434508414244     
  0.000000000000000E+000   6.65332416666666      -0.135978572055533     
  0.000000000000000E+000   6.65332416666666      -0.138301513719431     
  0.000000000000000E+000   6.65332416666666      -0.135890425838763     
  0.000000000000000E+000   6.65332416666666      -0.132583675890311     
  0.000000000000000E+000   6.65332416666666      -0.129641807782698     
  0.000000000000000E+000   6.65332416666666      -0.127127636663023     
  0.000000000000000E+000   6.65332416666666      -0.125035383275836     
  0.000000000000000E+000   6.65332416666666      -0.123334277755223     
  0.000000000000000E+000   6.65332416666666      -0.121759868612435     
  0.000000000000000E+000   6.65332416666666      -0.120045580024874     
  0.000000000000000E+000   6.65332416666666      -0.117384066978640     
  0.000000000000000E+000   6.65332416666666      -0.113751292798112     
  0.000000000000000E+000   6.65332416666666      -0.109525024081480     
  0.000000000000000E+000   6.65332416666666      -0.104378318805542     
  0.000000000000000E+000   6.65332416666666      -9.860256838809632E-002
  0.000000000000000E+000   6.65332416666666      -9.312853069975144E-002
  0.000000000000000E+000   6.65332416666666      -8.821940808274893E-002
  0.000000000000000E+000   6.65332416666666      -8.401421741322132E-002
  0.000000000000000E+000   6.65332416666666      -8.041169389863342E-002
  0.000000000000000E+000   6.65332416666666      -7.725086334722023E-002
  0.000000000000000E+000   6.65332416666666      -7.435199384903234E-002
  0.000000000000000E+000   6.65332416666666      -7.134150032203421E-002
  0.000000000000000E+000   6.65332416666666      -6.756009798137176E-002
  0.000000000000000E+000   6.65332416666666      -6.297909459798494E-002
  0.000000000000000E+000   6.95565708333333      -0.122397734590892     
  0.000000000000000E+000   6.95565708333333      -0.129378820856839     
  0.000000000000000E+000   6.95565708333333      -0.128608576590518     
  0.000000000000000E+000   6.95565708333333      -0.125181537403505     
  0.000000000000000E+000   6.95565708333333      -0.122248803371017     
  0.000000000000000E+000   6.95565708333333      -0.119598418828670     
  0.000000000000000E+000   6.95565708333333      -0.117124104541881     
  0.000000000000000E+000   6.95565708333333      -0.114962591635331     
  0.000000000000000E+000   6.95565708333333      -0.113286557319473     
  0.000000000000000E+000   6.95565708333333      -0.112211010433725     
  0.000000000000000E+000   6.95565708333333      -0.111318954716579     
  0.000000000000000E+000   6.95565708333333      -0.109447963844948     
  0.000000000000000E+000   6.95565708333333      -0.106539340706021     
  0.000000000000000E+000   6.95565708333333      -0.103093688828556     
  0.000000000000000E+000   6.95565708333333      -9.822996107151424E-002
  0.000000000000000E+000   6.95565708333333      -9.232129329466732E-002
  0.000000000000000E+000   6.95565708333333      -8.678942657404384E-002
  0.000000000000000E+000   6.95565708333333      -8.216912063858216E-002
  0.000000000000000E+000   6.95565708333333      -7.839319981084958E-002
  0.000000000000000E+000   6.95565708333333      -7.526303872856603E-002
  0.000000000000000E+000   6.95565708333333      -7.256432437972146E-002
  0.000000000000000E+000   6.95565708333333      -7.010005549371624E-002
  0.000000000000000E+000   6.95565708333333      -6.756396974460725E-002
  0.000000000000000E+000   6.95565708333333      -6.417492797889617E-002
  0.000000000000000E+000   6.95565708333333      -5.958586294793630E-002
  0.000000000000000E+000   7.25799000000000      -0.111215502472671     
  0.000000000000000E+000   7.25799000000000      -0.116406952880622     
  0.000000000000000E+000   7.25799000000000      -0.115881575930020     
  0.000000000000000E+000   7.25799000000000      -0.114221338585565     
  0.000000000000000E+000   7.25799000000000      -0.112453072130256     
  0.000000000000000E+000   7.25799000000000      -0.110320724990753     
  0.000000000000000E+000   7.25799000000000      -0.108038443006001     
  0.000000000000000E+000   7.25799000000000      -0.105966752843534     
  0.000000000000000E+000   7.25799000000000      -0.104517553410029     
  0.000000000000000E+000   7.25799000000000      -0.104032590991069     
  0.000000000000000E+000   7.25799000000000      -0.104071736370853     
  0.000000000000000E+000   7.25799000000000      -0.103165349814455     
  0.000000000000000E+000   7.25799000000000      -0.101020579938679     
  0.000000000000000E+000   7.25799000000000      -9.721834047433327E-002
  0.000000000000000E+000   7.25799000000000      -9.238737424665705E-002
  0.000000000000000E+000   7.25799000000000      -8.634015309591804E-002
  0.000000000000000E+000   7.25799000000000      -8.078208377722289E-002
  0.000000000000000E+000   7.25799000000000      -7.635347113966487E-002
  0.000000000000000E+000   7.25799000000000      -7.290558656335532E-002
  0.000000000000000E+000   7.25799000000000      -7.011002266751662E-002
  0.000000000000000E+000   7.25799000000000      -6.770662612613476E-002
  0.000000000000000E+000   7.25799000000000      -6.543537291233117E-002
  0.000000000000000E+000   7.25799000000000      -6.298437763642538E-002
  0.000000000000000E+000   7.25799000000000      -5.958913014413795E-002
  0.000000000000000E+000   7.25799000000000      -5.498570299994901E-002
