  0.000000000000000E+000  2.000000000000000E-003 -0.563781026168354     
  0.000000000000000E+000  2.000000000000000E-003 -0.562696994188977     
  0.000000000000000E+000  2.000000000000000E-003 -0.516081649528033     
  0.000000000000000E+000  2.000000000000000E-003 -0.456683995470994     
  0.000000000000000E+000  2.000000000000000E-003 -0.400730528350019     
  0.000000000000000E+000  2.000000000000000E-003 -0.351252212020005     
  0.000000000000000E+000  2.000000000000000E-003 -0.308899959265915     
  0.000000000000000E+000  2.000000000000000E-003 -0.273386929680596     
  0.000000000000000E+000  2.000000000000000E-003 -0.244228521950435     
  0.000000000000000E+000  2.000000000000000E-003 -0.221733575882990     
  0.000000000000000E+000  2.000000000000000E-003 -0.204480360291229     
  0.000000000000000E+000  2.000000000000000E-003 -0.189288763520473     
  0.000000000000000E+000  2.000000000000000E-003 -0.175408786794655     
  0.000000000000000E+000  2.000000000000000E-003 -0.159158227588690     
  0.000000000000000E+000  2.000000000000000E-003 -0.143730706363598     
  0.000000000000000E+000  2.000000000000000E-003 -0.128636692899610     
  0.000000000000000E+000  2.000000000000000E-003 -0.115690014291741     
  0.000000000000000E+000  2.000000000000000E-003 -0.105440332108898     
  0.000000000000000E+000  2.000000000000000E-003 -9.757613187222181E-002
  0.000000000000000E+000  2.000000000000000E-003 -9.143130504909237E-002
  0.000000000000000E+000  2.000000000000000E-003 -8.646662062919167E-002
  0.000000000000000E+000  2.000000000000000E-003 -8.219934608377093E-002
  0.000000000000000E+000  2.000000000000000E-003 -7.811926140141390E-002
  0.000000000000000E+000  2.000000000000000E-003 -7.319510719002284E-002
  0.000000000000000E+000  2.000000000000000E-003 -6.694765519463559E-002
  0.000000000000000E+000  0.304332916666667      -0.685188705454626     
  0.000000000000000E+000  0.304332916666667      -0.672123678026360     
  0.000000000000000E+000  0.304332916666667      -0.600671665652403     
  0.000000000000000E+000  0.304332916666667      -0.518018077476897     
  0.000000000000000E+000  0.304332916666667      -0.445392630703633     
  0.000000000000000E+000  0.304332916666667      -0.384725646619032     
  0.000000000000000E+000  0.304332916666667      -0.334759757603811     
  0.000000000000000E+000  0.304332916666667      -0.293671258479088     
  0.000000000000000E+000  0.304332916666667      -0.260119314419182     
  0.000000000000000E+000  0.304332916666667      -0.233814108621354     
  0.000000000000000E+000  0.304332916666667      -0.212681476909570     
  0.000000000000000E+000  0.304332916666667      -0.194202498770593     
  0.000000000000000E+000  0.304332916666667      -0.178248129876868     
  0.000000000000000E+000  0.304332916666667      -0.163474253088679     
  0.000000000000000E+000  0.304332916666667      -0.148070302162514     
  0.000000000000000E+000  0.304332916666667      -0.132989066130962     
  0.000000000000000E+000  0.304332916666667      -0.119837420464762     
  0.000000000000000E+000  0.304332916666667      -0.109237059617890     
  0.000000000000000E+000  0.304332916666667      -0.101005183925034     
  0.000000000000000E+000  0.304332916666667      -9.453144712635644E-002
  0.000000000000000E+000  0.304332916666667      -8.930925164949835E-002
  0.000000000000000E+000  0.304332916666667      -8.490760449678933E-002
  0.000000000000000E+000  0.304332916666667      -8.086986830619265E-002
  0.000000000000000E+000  0.304332916666667      -7.638949890399997E-002
  0.000000000000000E+000  0.304332916666667      -7.066161756686737E-002
  0.000000000000000E+000  0.606665833333333      -0.781569166842802     
  0.000000000000000E+000  0.606665833333333      -0.752009582206171     
  0.000000000000000E+000  0.606665833333333      -0.669861090464703     
  0.000000000000000E+000  0.606665833333333      -0.572370665466135     
  0.000000000000000E+000  0.606665833333333      -0.484919047863087     
  0.000000000000000E+000  0.606665833333333      -0.413392344322673     
  0.000000000000000E+000  0.606665833333333      -0.356115932027355     
  0.000000000000000E+000  0.606665833333333      -0.310282674758435     
  0.000000000000000E+000  0.606665833333333      -0.273545739082104     
  0.000000000000000E+000  0.606665833333333      -0.244137124388131     
  0.000000000000000E+000  0.606665833333333      -0.219893527142000     
  0.000000000000000E+000  0.606665833333333      -0.198910949584772     
  0.000000000000000E+000  0.606665833333333      -0.180858933431128     
  0.000000000000000E+000  0.606665833333333      -0.165080970146637     
  0.000000000000000E+000  0.606665833333333      -0.149981706250637     
  0.000000000000000E+000  0.606665833333333      -0.135613456409490     
  0.000000000000000E+000  0.606665833333333      -0.122913394875551     
  0.000000000000000E+000  0.606665833333333      -0.112347978706908     
  0.000000000000000E+000  0.606665833333333      -0.103860826583913     
  0.000000000000000E+000  0.606665833333333      -9.703846137718852E-002
  0.000000000000000E+000  0.606665833333333      -9.147060203369600E-002
  0.000000000000000E+000  0.606665833333333      -8.678692416744579E-002
  0.000000000000000E+000  0.606665833333333      -8.249968561584065E-002
  0.000000000000000E+000  0.606665833333333      -7.794130861656076E-002
  0.000000000000000E+000  0.606665833333333      -7.264660426319686E-002
  0.000000000000000E+000  0.908998750000000      -0.803006057003107     
  0.000000000000000E+000  0.908998750000000      -0.773920844163150     
  0.000000000000000E+000  0.908998750000000      -0.697025643789421     
  0.000000000000000E+000  0.908998750000000      -0.600403992171380     
  0.000000000000000E+000  0.908998750000000      -0.508730853939199     
  0.000000000000000E+000  0.908998750000000      -0.431634446850240     
  0.000000000000000E+000  0.908998750000000      -0.370076948637168     
  0.000000000000000E+000  0.908998750000000      -0.321688274361095     
  0.000000000000000E+000  0.908998750000000      -0.283313179177313     
  0.000000000000000E+000  0.908998750000000      -0.251995429959784     
  0.000000000000000E+000  0.908998750000000      -0.225748611823326     
  0.000000000000000E+000  0.908998750000000      -0.203114955214914     
  0.000000000000000E+000  0.908998750000000      -0.183504725471548     
  0.000000000000000E+000  0.908998750000000      -0.166456229096389     
  0.000000000000000E+000  0.908998750000000      -0.151187383768771     
  0.000000000000000E+000  0.908998750000000      -0.137372805203341     
  0.000000000000000E+000  0.908998750000000      -0.125185880963979     
  0.000000000000000E+000  0.908998750000000      -0.114719834498158     
  0.000000000000000E+000  0.908998750000000      -0.105966323156481     
  0.000000000000000E+000  0.908998750000000      -9.873579434879325E-002
  0.000000000000000E+000  0.908998750000000      -9.270113257713096E-002
  0.000000000000000E+000  0.908998750000000      -8.753160099687647E-002
  0.000000000000000E+000  0.908998750000000      -8.279793116116398E-002
  0.000000000000000E+000  0.908998750000000      -7.797089834737582E-002
  0.000000000000000E+000  0.908998750000000      -7.267083079375784E-002
  0.000000000000000E+000   1.21133166666667      -0.789157145045303     
  0.000000000000000E+000   1.21133166666667      -0.763579617435157     
  0.000000000000000E+000   1.21133166666667      -0.694889255704512     
  0.000000000000000E+000   1.21133166666667      -0.605622819799337     
  0.000000000000000E+000   1.21133166666667      -0.516434690762481     
  0.000000000000000E+000   1.21133166666667      -0.438929139110954     
  0.000000000000000E+000   1.21133166666667      -0.376530335520182     
  0.000000000000000E+000   1.21133166666667      -0.327951270175764     
  0.000000000000000E+000   1.21133166666667      -0.289031598527651     
  0.000000000000000E+000   1.21133166666667      -0.256795369534139     
  0.000000000000000E+000   1.21133166666667      -0.229462317407193     
  0.000000000000000E+000   1.21133166666667      -0.205927943088246     
  0.000000000000000E+000   1.21133166666667      -0.185512002053643     
  0.000000000000000E+000   1.21133166666667      -0.167819211165684     
  0.000000000000000E+000   1.21133166666667      -0.152401141769250     
  0.000000000000000E+000   1.21133166666667      -0.138827477540417     
  0.000000000000000E+000   1.21133166666667      -0.126855264639311     
  0.000000000000000E+000   1.21133166666667      -0.116362192202259     
  0.000000000000000E+000   1.21133166666667      -0.107312199749215     
  0.000000000000000E+000   1.21133166666667      -9.963465172933057E-002
  0.000000000000000E+000   1.21133166666667      -9.309329913511787E-002
  0.000000000000000E+000   1.21133166666667      -8.741900459791248E-002
  0.000000000000000E+000   1.21133166666667      -8.225550819188836E-002
  0.000000000000000E+000   1.21133166666667      -7.718696585603115E-002
  0.000000000000000E+000   1.21133166666667      -7.181536358600470E-002
  0.000000000000000E+000   1.51366458333333      -0.759381802589211     
  0.000000000000000E+000   1.51366458333333      -0.736904393276104     
  0.000000000000000E+000   1.51366458333333      -0.676684780066382     
  0.000000000000000E+000   1.51366458333333      -0.595568417841332     
  0.000000000000000E+000   1.51366458333333      -0.511793850571508     
  0.000000000000000E+000   1.51366458333333      -0.437087262093923     
  0.000000000000000E+000   1.51366458333333      -0.376769692005071     
  0.000000000000000E+000   1.51366458333333      -0.329247241578869     
  0.000000000000000E+000   1.51366458333333      -0.290615910598357     
  0.000000000000000E+000   1.51366458333333      -0.258322574513530     
  0.000000000000000E+000   1.51366458333333      -0.230773971794237     
  0.000000000000000E+000   1.51366458333333      -0.207008570431766     
  0.000000000000000E+000   1.51366458333333      -0.186447117055454     
  0.000000000000000E+000   1.51366458333333      -0.168673372378238     
  0.000000000000000E+000   1.51366458333333      -0.153269170326847     
  0.000000000000000E+000   1.51366458333333      -0.139798483550382     
  0.000000000000000E+000   1.51366458333333      -0.127893047584515     
  0.000000000000000E+000   1.51366458333333      -0.117316567639705     
  0.000000000000000E+000   1.51366458333333      -0.107978047803129     
  0.000000000000000E+000   1.51366458333333      -9.987000753938606E-002
  0.000000000000000E+000   1.51366458333333      -9.287133497029151E-002
  0.000000000000000E+000   1.51366458333333      -8.676296017405082E-002
  0.000000000000000E+000   1.51366458333333      -8.125225317362389E-002
  0.000000000000000E+000   1.51366458333333      -7.596070851006971E-002
  0.000000000000000E+000   1.51366458333333      -7.052458816880029E-002
  0.000000000000000E+000   1.81599750000000      -0.719975673948756     
  0.000000000000000E+000   1.81599750000000      -0.700404566862118     
  0.000000000000000E+000   1.81599750000000      -0.646447754897193     
  0.000000000000000E+000   1.81599750000000      -0.573415220636684     
  0.000000000000000E+000   1.81599750000000      -0.496124510634337     
  0.000000000000000E+000   1.81599750000000      -0.427161467493145     
  0.000000000000000E+000   1.81599750000000      -0.371176648545726     
  0.000000000000000E+000   1.81599750000000      -0.325655783198443     
  0.000000000000000E+000   1.81599750000000      -0.288068763668069     
  0.000000000000000E+000   1.81599750000000      -0.256480863334707     
  0.000000000000000E+000   1.81599750000000      -0.229499026213932     
  0.000000000000000E+000   1.81599750000000      -0.206202547176714     
  0.000000000000000E+000   1.81599750000000      -0.186011501956773     
  0.000000000000000E+000   1.81599750000000      -0.168511690939734     
  0.000000000000000E+000   1.81599750000000      -0.153309908146494     
  0.000000000000000E+000   1.81599750000000      -0.139989723051217     
  0.000000000000000E+000   1.81599750000000      -0.128163928427945     
  0.000000000000000E+000   1.81599750000000      -0.117555865107691     
  0.000000000000000E+000   1.81599750000000      -0.108038385272853     
  0.000000000000000E+000   1.81599750000000      -9.959522787253823E-002
  0.000000000000000E+000   1.81599750000000      -9.221736493885713E-002
  0.000000000000000E+000   1.81599750000000      -8.576765047019010E-002
  0.000000000000000E+000   1.81599750000000      -7.998182575028993E-002
  0.000000000000000E+000   1.81599750000000      -7.452667475141884E-002
  0.000000000000000E+000   1.81599750000000      -6.904213645297971E-002
  0.000000000000000E+000   2.11833041666667      -0.672979081687050     
  0.000000000000000E+000   2.11833041666667      -0.653790262446600     
  0.000000000000000E+000   2.11833041666667      -0.604380868560177     
  0.000000000000000E+000   2.11833041666667      -0.537737979074896     
  0.000000000000000E+000   2.11833041666667      -0.470936402286606     
  0.000000000000000E+000   2.11833041666667      -0.411212547902272     
  0.000000000000000E+000   2.11833041666667      -0.360185724776061     
  0.000000000000000E+000   2.11833041666667      -0.317370623199188     
  0.000000000000000E+000   2.11833041666667      -0.281555539534406     
  0.000000000000000E+000   2.11833041666667      -0.251377741549852     
  0.000000000000000E+000   2.11833041666667      -0.225619293982006     
  0.000000000000000E+000   2.11833041666667      -0.203357452707573     
  0.000000000000000E+000   2.11833041666667      -0.183973898200494     
  0.000000000000000E+000   2.11833041666667      -0.167051475155997     
  0.000000000000000E+000   2.11833041666667      -0.152241134637617     
  0.000000000000000E+000   2.11833041666667      -0.139185921514770     
  0.000000000000000E+000   2.11833041666667      -0.127535910243545     
  0.000000000000000E+000   2.11833041666667      -0.117016963618111     
  0.000000000000000E+000   2.11833041666667      -0.107483487505065     
  0.000000000000000E+000   2.11833041666667      -9.890439535363979E-002
  0.000000000000000E+000   2.11833041666667      -9.128486726708383E-002
  0.000000000000000E+000   2.11833041666667      -8.457311310005837E-002
  0.000000000000000E+000   2.11833041666667      -7.859754464610767E-002
  0.000000000000000E+000   2.11833041666667      -7.304207327722970E-002
  0.000000000000000E+000   2.11833041666667      -6.756502949857744E-002
  0.000000000000000E+000   2.42066333333333      -0.625926411700152     
  0.000000000000000E+000   2.42066333333333      -0.607306850106080     
  0.000000000000000E+000   2.42066333333333      -0.559518363668387     
  0.000000000000000E+000   2.42066333333333      -0.501413515323920     
  0.000000000000000E+000   2.42066333333333      -0.443683903817572     
  0.000000000000000E+000   2.42066333333333      -0.390813528752624     
  0.000000000000000E+000   2.42066333333333      -0.344478116583553     
  0.000000000000000E+000   2.42066333333333      -0.304923446279559     
  0.000000000000000E+000   2.42066333333333      -0.271574506017996     
  0.000000000000000E+000   2.42066333333333      -0.243433285845663     
  0.000000000000000E+000   2.42066333333333      -0.219413553367109     
  0.000000000000000E+000   2.42066333333333      -0.198593715977281     
  0.000000000000000E+000   2.42066333333333      -0.180329395733971     
  0.000000000000000E+000   2.42066333333333      -0.164216159393069     
  0.000000000000000E+000   2.42066333333333      -0.149968586981891     
  0.000000000000000E+000   2.42066333333333      -0.137314434597606     
  0.000000000000000E+000   2.42066333333333      -0.125968654739137     
  0.000000000000000E+000   2.42066333333333      -0.115681172913788     
  0.000000000000000E+000   2.42066333333333      -0.106298436381890     
  0.000000000000000E+000   2.42066333333333      -9.777671817662309E-002
  0.000000000000000E+000   2.42066333333333      -9.013021827428874E-002
  0.000000000000000E+000   2.42066333333333      -8.334582862002474E-002
  0.000000000000000E+000   2.42066333333333      -7.731352476371417E-002
  0.000000000000000E+000   2.42066333333333      -7.179252659722603E-002
  0.000000000000000E+000   2.42066333333333      -6.640787008069725E-002
  0.000000000000000E+000   2.72299625000000      -0.587545829239442     
  0.000000000000000E+000   2.72299625000000      -0.571030628698946     
  0.000000000000000E+000   2.72299625000000      -0.526999505289486     
  0.000000000000000E+000   2.72299625000000      -0.469536292768922     
  0.000000000000000E+000   2.72299625000000      -0.414851652145509     
  0.000000000000000E+000   2.72299625000000      -0.366912150278155     
  0.000000000000000E+000   2.72299625000000      -0.325134958961676     
  0.000000000000000E+000   2.72299625000000      -0.289331599243563     
  0.000000000000000E+000   2.72299625000000      -0.259022045277057     
  0.000000000000000E+000   2.72299625000000      -0.233378154726645     
  0.000000000000000E+000   2.72299625000000      -0.211420737898076     
  0.000000000000000E+000   2.72299625000000      -0.192268347680998     
  0.000000000000000E+000   2.72299625000000      -0.175296050967203     
  0.000000000000000E+000   2.72299625000000      -0.160141276324827     
  0.000000000000000E+000   2.72299625000000      -0.146594070985166     
  0.000000000000000E+000   2.72299625000000      -0.134470075569030     
  0.000000000000000E+000   2.72299625000000      -0.123552675278823     
  0.000000000000000E+000   2.72299625000000      -0.113622443308602     
  0.000000000000000E+000   2.72299625000000      -0.104525563931525     
  0.000000000000000E+000   2.72299625000000      -9.621300290802250E-002
  0.000000000000000E+000   2.72299625000000      -8.871609379850755E-002
  0.000000000000000E+000   2.72299625000000      -8.207627484175145E-002
  0.000000000000000E+000   2.72299625000000      -7.625493777195455E-002
  0.000000000000000E+000   2.72299625000000      -7.100661331785048E-002
  0.000000000000000E+000   2.72299625000000      -6.585194597637593E-002
  0.000000000000000E+000   3.02532916666667      -0.542209877910230     
  0.000000000000000E+000   3.02532916666667      -0.527648101628215     
  0.000000000000000E+000   3.02532916666667      -0.487748690146176     
  0.000000000000000E+000   3.02532916666667      -0.435312812319997     
  0.000000000000000E+000   3.02532916666667      -0.384224769812229     
  0.000000000000000E+000   3.02532916666667      -0.340808383162056     
  0.000000000000000E+000   3.02532916666667      -0.303683901469986     
  0.000000000000000E+000   3.02532916666667      -0.271962088111356     
  0.000000000000000E+000   3.02532916666667      -0.245014479844729     
  0.000000000000000E+000   3.02532916666667      -0.222078419605888     
  0.000000000000000E+000   3.02532916666667      -0.202286901934299     
  0.000000000000000E+000   3.02532916666667      -0.184852809280530     
  0.000000000000000E+000   3.02532916666667      -0.169223508850539     
  0.000000000000000E+000   3.02532916666667      -0.155103891468579     
  0.000000000000000E+000   3.02532916666667      -0.142356401592473     
  0.000000000000000E+000   3.02532916666667      -0.130867460729409     
  0.000000000000000E+000   3.02532916666667      -0.120474429673164     
  0.000000000000000E+000   3.02532916666667      -0.110986138245398     
  0.000000000000000E+000   3.02532916666667      -0.102257153357405     
  0.000000000000000E+000   3.02532916666667      -9.424637078271857E-002
  0.000000000000000E+000   3.02532916666667      -8.701780601152963E-002
  0.000000000000000E+000   3.02532916666667      -8.066854782260130E-002
  0.000000000000000E+000   3.02532916666667      -7.516451912104671E-002
  0.000000000000000E+000   3.02532916666667      -7.027491719482327E-002
  0.000000000000000E+000   3.02532916666667      -6.540769487345791E-002
  0.000000000000000E+000   3.32766208333333      -0.497314659799620     
  0.000000000000000E+000   3.32766208333333      -0.485446658830855     
  0.000000000000000E+000   3.32766208333333      -0.448639936348843     
  0.000000000000000E+000   3.32766208333333      -0.399469780374087     
  0.000000000000000E+000   3.32766208333333      -0.352774461917695     
  0.000000000000000E+000   3.32766208333333      -0.314106933006731     
  0.000000000000000E+000   3.32766208333333      -0.281673469212633     
  0.000000000000000E+000   3.32766208333333      -0.254087398491281     
  0.000000000000000E+000   3.32766208333333      -0.230525320872998     
  0.000000000000000E+000   3.32766208333333      -0.210262201064936     
  0.000000000000000E+000   3.32766208333333      -0.192562541136672     
  0.000000000000000E+000   3.32766208333333      -0.176778281076320     
  0.000000000000000E+000   3.32766208333333      -0.162466901113902     
  0.000000000000000E+000   3.32766208333333      -0.149410899509462     
  0.000000000000000E+000   3.32766208333333      -0.137527734000079     
  0.000000000000000E+000   3.32766208333333      -0.126745138800663     
  0.000000000000000E+000   3.32766208333333      -0.116932011737433     
  0.000000000000000E+000   3.32766208333333      -0.107920245714336     
  0.000000000000000E+000   3.32766208333333      -9.958249077802014E-002
  0.000000000000000E+000   3.32766208333333      -9.189974804205749E-002
  0.000000000000000E+000   3.32766208333333      -8.498221972350450E-002
  0.000000000000000E+000   3.32766208333333      -7.892170593000303E-002
  0.000000000000000E+000   3.32766208333333      -7.367366883585495E-002
  0.000000000000000E+000   3.32766208333333      -6.902676133398286E-002
  0.000000000000000E+000   3.32766208333333      -6.436996789434524E-002
  0.000000000000000E+000   3.62999500000000      -0.449873885452804     
  0.000000000000000E+000   3.62999500000000      -0.444272523077463     
  0.000000000000000E+000   3.62999500000000      -0.410563445324539     
  0.000000000000000E+000   3.62999500000000      -0.364586234656334     
  0.000000000000000E+000   3.62999500000000      -0.322093196524064     
  0.000000000000000E+000   3.62999500000000      -0.287905919647567     
  0.000000000000000E+000   3.62999500000000      -0.260045855130888     
  0.000000000000000E+000   3.62999500000000      -0.236438026725290     
  0.000000000000000E+000   3.62999500000000      -0.216091295205953     
  0.000000000000000E+000   3.62999500000000      -0.198335182457513     
  0.000000000000000E+000   3.62999500000000      -0.182581998749386     
  0.000000000000000E+000   3.62999500000000      -0.168343762295621     
  0.000000000000000E+000   3.62999500000000      -0.155302352445452     
  0.000000000000000E+000   3.62999500000000      -0.143313549744721     
  0.000000000000000E+000   3.62999500000000      -0.132326988574513     
  0.000000000000000E+000   3.62999500000000      -0.122282895895175     
  0.000000000000000E+000   3.62999500000000      -0.113062014491613     
  0.000000000000000E+000   3.62999500000000      -0.104516417684057     
  0.000000000000000E+000   3.62999500000000      -9.654579008960677E-002
  0.000000000000000E+000   3.62999500000000      -8.916020770069955E-002
  0.000000000000000E+000   3.62999500000000      -8.250047328828600E-002
  0.000000000000000E+000   3.62999500000000      -7.664677434263220E-002
  0.000000000000000E+000   3.62999500000000      -7.155146859518927E-002
  0.000000000000000E+000   3.62999500000000      -6.701987387647361E-002
  0.000000000000000E+000   3.62999500000000      -6.280066845548986E-002
  0.000000000000000E+000   3.93232791666667      -0.392209961247243     
  0.000000000000000E+000   3.93232791666667      -0.388449565748849     
  0.000000000000000E+000   3.93232791666667      -0.363573516393558     
  0.000000000000000E+000   3.93232791666667      -0.326519040454550     
  0.000000000000000E+000   3.93232791666667      -0.290957633003124     
  0.000000000000000E+000   3.93232791666667      -0.262130313650344     
  0.000000000000000E+000   3.93232791666667      -0.238924854200544     
  0.000000000000000E+000   3.93232791666667      -0.219136114314714     
  0.000000000000000E+000   3.93232791666667      -0.201820797638061     
  0.000000000000000E+000   3.93232791666667      -0.186420257254325     
  0.000000000000000E+000   3.93232791666667      -0.172501389837748     
  0.000000000000000E+000   3.93232791666667      -0.159734506663707     
  0.000000000000000E+000   3.93232791666667      -0.147922747945948     
  0.000000000000000E+000   3.93232791666667      -0.136986481199112     
  0.000000000000000E+000   3.93232791666667      -0.126892007599864     
  0.000000000000000E+000   3.93232791666667      -0.117575967415078     
  0.000000000000000E+000   3.93232791666667      -0.108922246263825     
  0.000000000000000E+000   3.93232791666667      -0.100804464956695     
  0.000000000000000E+000   3.93232791666667      -9.315556186789770E-002
  0.000000000000000E+000   3.93232791666667      -8.601252085231180E-002
  0.000000000000000E+000   3.93232791666667      -7.951520510209713E-002
  0.000000000000000E+000   3.93232791666667      -7.376838996359578E-002
  0.000000000000000E+000   3.93232791666667      -6.876614370869442E-002
  0.000000000000000E+000   3.93232791666667      -6.433278711993162E-002
  0.000000000000000E+000   3.93232791666667      -5.994047859592818E-002
  0.000000000000000E+000   4.23466083333333      -0.327329523614666     
  0.000000000000000E+000   4.23466083333333      -0.323281906645496     
  0.000000000000000E+000   4.23466083333333      -0.307844649068313     
  0.000000000000000E+000   4.23466083333333      -0.283773488840898     
  0.000000000000000E+000   4.23466083333333      -0.258173266600677     
  0.000000000000000E+000   4.23466083333333      -0.236453971497097     
  0.000000000000000E+000   4.23466083333333      -0.218134809845352     
  0.000000000000000E+000   4.23466083333333      -0.202084228221872     
  0.000000000000000E+000   4.23466083333333      -0.187693612559471     
  0.000000000000000E+000   4.23466083333333      -0.174573149986068     
  0.000000000000000E+000   4.23466083333333      -0.162438051242575     
  0.000000000000000E+000   4.23466083333333      -0.151101305591864     
  0.000000000000000E+000   4.23466083333333      -0.140477856760339     
  0.000000000000000E+000   4.23466083333333      -0.130549306109811     
  0.000000000000000E+000   4.23466083333333      -0.121298502510230     
  0.000000000000000E+000   4.23466083333333      -0.112660254010319     
  0.000000000000000E+000   4.23466083333333      -0.104525310109165     
  0.000000000000000E+000   4.23466083333333      -9.679322670874317E-002
  0.000000000000000E+000   4.23466083333333      -8.943212305956195E-002
  0.000000000000000E+000   4.23466083333333      -8.250072236423031E-002
  0.000000000000000E+000   4.23466083333333      -7.611706785133197E-002
  0.000000000000000E+000   4.23466083333333      -7.038468302429823E-002
  0.000000000000000E+000   4.23466083333333      -6.534661150968454E-002
  0.000000000000000E+000   4.23466083333333      -6.088347631475761E-002
  0.000000000000000E+000   4.23466083333333      -5.654822064072497E-002
  0.000000000000000E+000   4.53699375000000      -0.263780932968158     
  0.000000000000000E+000   4.53699375000000      -0.261772815198724     
  0.000000000000000E+000   4.53699375000000      -0.254534266270210     
  0.000000000000000E+000   4.53699375000000      -0.241787463624225     
  0.000000000000000E+000   4.53699375000000      -0.226341039933831     
  0.000000000000000E+000   4.53699375000000      -0.211497408738334     
  0.000000000000000E+000   4.53699375000000      -0.197911711485109     
  0.000000000000000E+000   4.53699375000000      -0.185453867941527     
  0.000000000000000E+000   4.53699375000000      -0.173882485374780     
  0.000000000000000E+000   4.53699375000000      -0.162974027825587     
  0.000000000000000E+000   4.53699375000000      -0.152569577246601     
  0.000000000000000E+000   4.53699375000000      -0.142603386755646     
  0.000000000000000E+000   4.53699375000000      -0.133092258149082     
  0.000000000000000E+000   4.53699375000000      -0.124082261066326     
  0.000000000000000E+000   4.53699375000000      -0.115585134590939     
  0.000000000000000E+000   4.53699375000000      -0.107548793240593     
  0.000000000000000E+000   4.53699375000000      -9.988210709797034E-002
  0.000000000000000E+000   4.53699375000000      -9.251412305600806E-002
  0.000000000000000E+000   4.53699375000000      -8.544356969374985E-002
  0.000000000000000E+000   4.53699375000000      -7.874335728247943E-002
  0.000000000000000E+000   4.53699375000000      -7.251589969935542E-002
  0.000000000000000E+000   4.53699375000000      -6.682165363794118E-002
  0.000000000000000E+000   4.53699375000000      -6.167908217145369E-002
  0.000000000000000E+000   4.53699375000000      -5.705761782678668E-002
  0.000000000000000E+000   4.53699375000000      -5.268117312148964E-002
  0.000000000000000E+000   4.83932666666667      -0.214851709519886     
  0.000000000000000E+000   4.83932666666667      -0.214693962382145     
  0.000000000000000E+000   4.83932666666667      -0.212657019467463     
  0.000000000000000E+000   4.83932666666667      -0.206656832976813     
  0.000000000000000E+000   4.83932666666667      -0.198064609095315     
  0.000000000000000E+000   4.83932666666667      -0.188583871926274     
  0.000000000000000E+000   4.83932666666667      -0.179082516539449     
  0.000000000000000E+000   4.83932666666667      -0.169831857246589     
  0.000000000000000E+000   4.83932666666667      -0.160813980869031     
  0.000000000000000E+000   4.83932666666667      -0.151924083096077     
  0.000000000000000E+000   4.83932666666667      -0.143098229856231     
  0.000000000000000E+000   4.83932666666667      -0.134367300858328     
  0.000000000000000E+000   4.83932666666667      -0.125836291479252     
  0.000000000000000E+000   4.83932666666667      -0.117616563382564     
  0.000000000000000E+000   4.83932666666667      -0.109761909019587     
  0.000000000000000E+000   4.83932666666667      -0.102250505479499     
  0.000000000000000E+000   4.83932666666667      -9.502068762550868E-002
  0.000000000000000E+000   4.83932666666667      -8.803027003660804E-002
  0.000000000000000E+000   4.83932666666667      -8.129694693239031E-002
  0.000000000000000E+000   4.83932666666667      -7.489331418928392E-002
  0.000000000000000E+000   4.83932666666667      -6.890417149484694E-002
  0.000000000000000E+000   4.83932666666667      -6.337594286005381E-002
  0.000000000000000E+000   4.83932666666667      -5.829227812882463E-002
  0.000000000000000E+000   4.83932666666667      -5.359750985506853E-002
  0.000000000000000E+000   4.83932666666667      -4.922515162253310E-002
  0.000000000000000E+000   5.14165958333333      -0.180085451476187     
  0.000000000000000E+000   5.14165958333333      -0.180378007721780     
  0.000000000000000E+000   5.14165958333333      -0.180137812193073     
  0.000000000000000E+000   5.14165958333333      -0.178510951446444     
  0.000000000000000E+000   5.14165958333333      -0.174612117009014     
  0.000000000000000E+000   5.14165958333333      -0.169054497554313     
  0.000000000000000E+000   5.14165958333333      -0.162671285409973     
  0.000000000000000E+000   5.14165958333333      -0.155923174730406     
  0.000000000000000E+000   5.14165958333333      -0.148928629817412     
  0.000000000000000E+000   5.14165958333333      -0.141662519218082     
  0.000000000000000E+000   5.14165958333333      -0.134125454249654     
  0.000000000000000E+000   5.14165958333333      -0.126413690943106     
  0.000000000000000E+000   5.14165958333333      -0.118693923760107     
  0.000000000000000E+000   5.14165958333333      -0.111129533360570     
  0.000000000000000E+000   5.14165958333333      -0.103818002055741     
  0.000000000000000E+000   5.14165958333333      -9.677743885773542E-002
  0.000000000000000E+000   5.14165958333333      -8.998206147286612E-002
  0.000000000000000E+000   5.14165958333333      -8.341419932277409E-002
  0.000000000000000E+000   5.14165958333333      -7.709520253633273E-002
  0.000000000000000E+000   5.14165958333333      -7.107802967003515E-002
  0.000000000000000E+000   5.14165958333333      -6.541437991785724E-002
  0.000000000000000E+000   5.14165958333333      -6.012661493086486E-002
  0.000000000000000E+000   5.14165958333333      -5.521338706892071E-002
  0.000000000000000E+000   5.14165958333333      -5.067733204169052E-002
  0.000000000000000E+000   5.14165958333333      -4.644128554289081E-002
  0.000000000000000E+000   5.44399250000000      -0.156250829911367     
  0.000000000000000E+000   5.44399250000000      -0.156804009575556     
  0.000000000000000E+000   5.44399250000000      -0.157913288132519     
  0.000000000000000E+000   5.44399250000000      -0.158122441752864     
  0.000000000000000E+000   5.44399250000000      -0.156830506191303     
  0.000000000000000E+000   5.44399250000000      -0.153798872155658     
  0.000000000000000E+000   5.44399250000000      -0.149314858045795     
  0.000000000000000E+000   5.44399250000000      -0.144086956853402     
  0.000000000000000E+000   5.44399250000000      -0.138369559834090     
  0.000000000000000E+000   5.44399250000000      -0.132190008285830     
  0.000000000000000E+000   5.44399250000000      -0.125577915714340     
  0.000000000000000E+000   5.44399250000000      -0.118650737711255     
  0.000000000000000E+000   5.44399250000000      -0.111592039376400     
  0.000000000000000E+000   5.44399250000000      -0.104584635175229     
  0.000000000000000E+000   5.44399250000000      -9.775575674155572E-002
  0.000000000000000E+000   5.44399250000000      -9.116301522249906E-002
  0.000000000000000E+000   5.44399250000000      -8.481876871915467E-002
  0.000000000000000E+000   5.44399250000000      -7.872626171695200E-002
  0.000000000000000E+000   5.44399250000000      -7.289923338950997E-002
  0.000000000000000E+000   5.44399250000000      -6.735503702070073E-002
  0.000000000000000E+000   5.44399250000000      -6.209868434022411E-002
  0.000000000000000E+000   5.44399250000000      -5.715686100946114E-002
  0.000000000000000E+000   5.44399250000000      -5.254238527227283E-002
  0.000000000000000E+000   5.44399250000000      -4.823148608692878E-002
  0.000000000000000E+000   5.44399250000000      -4.418638861750057E-002
  0.000000000000000E+000   5.74632541666667      -0.143448982934810     
  0.000000000000000E+000   5.74632541666667      -0.144517961173198     
  0.000000000000000E+000   5.74632541666667      -0.146418606765751     
  0.000000000000000E+000   5.74632541666667      -0.147142492901114     
  0.000000000000000E+000   5.74632541666667      -0.145881252826717     
  0.000000000000000E+000   5.74632541666667      -0.142975702328037     
  0.000000000000000E+000   5.74632541666667      -0.138874345482355     
  0.000000000000000E+000   5.74632541666667      -0.134082817774328     
  0.000000000000000E+000   5.74632541666667      -0.128880442005927     
  0.000000000000000E+000   5.74632541666667      -0.123278554692225     
  0.000000000000000E+000   5.74632541666667      -0.117282227049883     
  0.000000000000000E+000   5.74632541666667      -0.110974449887747     
  0.000000000000000E+000   5.74632541666667      -0.104498352592123     
  0.000000000000000E+000   5.74632541666667      -9.801022785523542E-002
  0.000000000000000E+000   5.74632541666667      -9.164457909448262E-002
  0.000000000000000E+000   5.74632541666667      -8.549374863475699E-002
  0.000000000000000E+000   5.74632541666667      -7.960956666152084E-002
  0.000000000000000E+000   5.74632541666667      -7.401800245712645E-002
  0.000000000000000E+000   5.74632541666667      -6.872520481809663E-002
  0.000000000000000E+000   5.74632541666667      -6.371856110524146E-002
  0.000000000000000E+000   5.74632541666667      -5.898394227102814E-002
  0.000000000000000E+000   5.74632541666667      -5.449371907442908E-002
  0.000000000000000E+000   5.74632541666667      -5.022549412187303E-002
  0.000000000000000E+000   5.74632541666667      -4.616513974188578E-002
  0.000000000000000E+000   5.74632541666667      -4.229320820028042E-002
  0.000000000000000E+000   6.04865833333333      -0.140327900487965     
  0.000000000000000E+000   6.04865833333333      -0.141822149951174     
  0.000000000000000E+000   6.04865833333333      -0.143782967505631     
  0.000000000000000E+000   6.04865833333333      -0.143099450574056     
  0.000000000000000E+000   6.04865833333333      -0.139911044690326     
  0.000000000000000E+000   6.04865833333333      -0.135432089172638     
  0.000000000000000E+000   6.04865833333333      -0.130407231288111     
  0.000000000000000E+000   6.04865833333333      -0.125204454991911     
  0.000000000000000E+000   6.04865833333333      -0.120001656565940     
  0.000000000000000E+000   6.04865833333333      -0.114672857636544     
  0.000000000000000E+000   6.04865833333333      -0.109136844595597     
  0.000000000000000E+000   6.04865833333333      -0.103397732978103     
  0.000000000000000E+000   6.04865833333333      -9.750900422760177E-002
  0.000000000000000E+000   6.04865833333333      -9.155020447570203E-002
  0.000000000000000E+000   6.04865833333333      -8.564573699672705E-002
  0.000000000000000E+000   6.04865833333333      -7.992313618689079E-002
  0.000000000000000E+000   6.04865833333333      -7.447237709714588E-002
  0.000000000000000E+000   6.04865833333333      -6.935065642224809E-002
  0.000000000000000E+000   6.04865833333333      -6.457362239277524E-002
  0.000000000000000E+000   6.04865833333333      -6.014287274325596E-002
  0.000000000000000E+000   6.04865833333333      -5.597639217363943E-002
  0.000000000000000E+000   6.04865833333333      -5.199115855435257E-002
  0.000000000000000E+000   6.04865833333333      -4.812061673550670E-002
  0.000000000000000E+000   6.04865833333333      -4.432352222595001E-002
  0.000000000000000E+000   6.04865833333333      -4.060462072966389E-002
  0.000000000000000E+000   6.35099125000000      -0.143576187432014     
  0.000000000000000E+000   6.35099125000000      -0.145687498864525     
  0.000000000000000E+000   6.35099125000000      -0.146196871551476     
  0.000000000000000E+000   6.35099125000000      -0.141746708243059     
  0.000000000000000E+000   6.35099125000000      -0.135241962381074     
  0.000000000000000E+000   6.35099125000000      -0.128647752219211     
  0.000000000000000E+000   6.35099125000000      -0.122440325279553     
  0.000000000000000E+000   6.35099125000000      -0.116690900067712     
  0.000000000000000E+000   6.35099125000000      -0.111404026153850     
  0.000000000000000E+000   6.35099125000000      -0.106309205431438     
  0.000000000000000E+000   6.35099125000000      -0.101258788572583     
  0.000000000000000E+000   6.35099125000000      -9.609754913404291E-002
  0.000000000000000E+000   6.35099125000000      -9.079665336571316E-002
  0.000000000000000E+000   6.35099125000000      -8.544296278969675E-002
  0.000000000000000E+000   6.35099125000000      -8.000638764034389E-002
  0.000000000000000E+000   6.35099125000000      -7.463782781016740E-002
  0.000000000000000E+000   6.35099125000000      -6.954774931551770E-002
  0.000000000000000E+000   6.35099125000000      -6.479918816748681E-002
  0.000000000000000E+000   6.35099125000000      -6.047829025652511E-002
  0.000000000000000E+000   6.35099125000000      -5.658106670873663E-002
  0.000000000000000E+000   6.35099125000000      -5.296399939774466E-002
  0.000000000000000E+000   6.35099125000000      -4.950406724983871E-002
  0.000000000000000E+000   6.35099125000000      -4.607105147815527E-002
  0.000000000000000E+000   6.35099125000000      -4.254394952310044E-002
  0.000000000000000E+000   6.35099125000000      -3.894303233943441E-002
  0.000000000000000E+000   6.65332416666666      -0.146031729677431     
  0.000000000000000E+000   6.65332416666666      -0.149484578754785     
  0.000000000000000E+000   6.65332416666666      -0.146048163064868     
  0.000000000000000E+000   6.65332416666666      -0.136794384802948     
  0.000000000000000E+000   6.65332416666666      -0.128049728298208     
  0.000000000000000E+000   6.65332416666666      -0.120621662920176     
  0.000000000000000E+000   6.65332416666666      -0.114036057796682     
  0.000000000000000E+000   6.65332416666666      -0.108183978104519     
  0.000000000000000E+000   6.65332416666666      -0.103104363974500     
  0.000000000000000E+000   6.65332416666666      -9.847462375789320E-002
  0.000000000000000E+000   6.65332416666666      -9.410639924272052E-002
  0.000000000000000E+000   6.65332416666666      -8.948986466712218E-002
  0.000000000000000E+000   6.65332416666666      -8.475958860338086E-002
  0.000000000000000E+000   6.65332416666666      -8.015416047963474E-002
  0.000000000000000E+000   6.65332416666666      -7.517908971603345E-002
  0.000000000000000E+000   6.65332416666666      -6.990354844614617E-002
  0.000000000000000E+000   6.65332416666666      -6.495037404963157E-002
  0.000000000000000E+000   6.65332416666666      -6.043521843536498E-002
  0.000000000000000E+000   6.65332416666666      -5.648509695021657E-002
  0.000000000000000E+000   6.65332416666666      -5.301407444925921E-002
  0.000000000000000E+000   6.65332416666666      -4.985593375749692E-002
  0.000000000000000E+000   6.65332416666666      -4.686069149580508E-002
  0.000000000000000E+000   6.65332416666666      -4.385109705348923E-002
  0.000000000000000E+000   6.65332416666666      -4.058926049172405E-002
  0.000000000000000E+000   6.65332416666666      -3.705154171773187E-002
  0.000000000000000E+000   6.95565708333333      -0.135495118081028     
  0.000000000000000E+000   6.95565708333333      -0.142340876975827     
  0.000000000000000E+000   6.95565708333333      -0.133746865907346     
  0.000000000000000E+000   6.95565708333333      -0.124203385585494     
  0.000000000000000E+000   6.95565708333333      -0.117392387897588     
  0.000000000000000E+000   6.95565708333333      -0.111314256138899     
  0.000000000000000E+000   6.95565708333333      -0.105421654277968     
  0.000000000000000E+000   6.95565708333333      -9.999113984160250E-002
  0.000000000000000E+000   6.95565708333333      -9.539853522059281E-002
  0.000000000000000E+000   6.95565708333333      -9.156546475439244E-002
  0.000000000000000E+000   6.95565708333333      -8.814268264581282E-002
  0.000000000000000E+000   6.95565708333333      -8.429223543587089E-002
  0.000000000000000E+000   6.95565708333333      -8.016960373434334E-002
  0.000000000000000E+000   6.95565708333333      -7.613541214619539E-002
  0.000000000000000E+000   6.95565708333333      -7.127603837488650E-002
  0.000000000000000E+000   6.95565708333333      -6.580395855816759E-002
  0.000000000000000E+000   6.95565708333333      -6.069889599214553E-002
  0.000000000000000E+000   6.95565708333333      -5.630865302504618E-002
  0.000000000000000E+000   6.95565708333333      -5.261658167564590E-002
  0.000000000000000E+000   6.95565708333333      -4.945159109117123E-002
  0.000000000000000E+000   6.95565708333333      -4.660543231575028E-002
  0.000000000000000E+000   6.95565708333333      -4.390222609628600E-002
  0.000000000000000E+000   6.95565708333333      -4.116622193005331E-002
  0.000000000000000E+000   6.95565708333333      -3.806800518233657E-002
  0.000000000000000E+000   6.95565708333333      -3.447166043913912E-002
  0.000000000000000E+000   7.25799000000000      -0.122796514355622     
  0.000000000000000E+000   7.25799000000000      -0.124939634974711     
  0.000000000000000E+000   7.25799000000000      -0.117557254094142     
  0.000000000000000E+000   7.25799000000000      -0.111900325967792     
  0.000000000000000E+000   7.25799000000000      -0.107539736882139     
  0.000000000000000E+000   7.25799000000000      -0.102731340329985     
  0.000000000000000E+000   7.25799000000000      -9.754735091763858E-002
  0.000000000000000E+000   7.25799000000000      -9.260027659172532E-002
  0.000000000000000E+000   7.25799000000000      -8.852288216689798E-002
  0.000000000000000E+000   7.25799000000000      -8.543277768550775E-002
  0.000000000000000E+000   7.25799000000000      -8.298509914427757E-002
  0.000000000000000E+000   7.25799000000000      -8.007316165145228E-002
  0.000000000000000E+000   7.25799000000000      -7.673869527618289E-002
  0.000000000000000E+000   7.25799000000000      -7.218119824585195E-002
  0.000000000000000E+000   7.25799000000000      -6.728766302441846E-002
  0.000000000000000E+000   7.25799000000000      -6.173213658411863E-002
  0.000000000000000E+000   7.25799000000000      -5.661034231051738E-002
  0.000000000000000E+000   7.25799000000000      -5.233966449687619E-002
  0.000000000000000E+000   7.25799000000000      -4.886986164640993E-002
  0.000000000000000E+000   7.25799000000000      -4.591928741333047E-002
  0.000000000000000E+000   7.25799000000000      -4.325805576903645E-002
  0.000000000000000E+000   7.25799000000000      -4.068482314060674E-002
  0.000000000000000E+000   7.25799000000000      -3.801840317136128E-002
  0.000000000000000E+000   7.25799000000000      -3.492064732903805E-002
  0.000000000000000E+000   7.25799000000000      -3.142502489814985E-002
