  0.000000000000000E+000  2.000000000000000E-003 -0.225535702135320     
  0.000000000000000E+000  2.000000000000000E-003 -0.229192949307135     
  0.000000000000000E+000  2.000000000000000E-003 -0.218959582422665     
  0.000000000000000E+000  2.000000000000000E-003 -0.208353893812424     
  0.000000000000000E+000  2.000000000000000E-003 -0.198198794019960     
  0.000000000000000E+000  2.000000000000000E-003 -0.187063541575598     
  0.000000000000000E+000  2.000000000000000E-003 -0.175412054908340     
  0.000000000000000E+000  2.000000000000000E-003 -0.164277312902839     
  0.000000000000000E+000  2.000000000000000E-003 -0.154630398658899     
  0.000000000000000E+000  2.000000000000000E-003 -0.146778651972927     
  0.000000000000000E+000  2.000000000000000E-003 -0.140203470924461     
  0.000000000000000E+000  2.000000000000000E-003 -0.133016780649099     
  0.000000000000000E+000  2.000000000000000E-003 -0.125383490411882     
  0.000000000000000E+000  2.000000000000000E-003 -0.116757746294052     
  0.000000000000000E+000  2.000000000000000E-003 -0.107967495533697     
  0.000000000000000E+000  2.000000000000000E-003 -9.829460935373249E-002
  0.000000000000000E+000  2.000000000000000E-003 -8.949199400689764E-002
  0.000000000000000E+000  2.000000000000000E-003 -8.232191762266192E-002
  0.000000000000000E+000  2.000000000000000E-003 -7.673584152923625E-002
  0.000000000000000E+000  2.000000000000000E-003 -7.222680489576856E-002
  0.000000000000000E+000  2.000000000000000E-003 -6.842225349528351E-002
  0.000000000000000E+000  2.000000000000000E-003 -6.497877768981104E-002
  0.000000000000000E+000  2.000000000000000E-003 -6.150542517773029E-002
  0.000000000000000E+000  2.000000000000000E-003 -5.718507976173187E-002
  0.000000000000000E+000  2.000000000000000E-003 -5.191344655576176E-002
  0.000000000000000E+000  0.304332916666667      -0.255878678946579     
  0.000000000000000E+000  0.304332916666667      -0.262371714370848     
  0.000000000000000E+000  0.304332916666667      -0.249531508609520     
  0.000000000000000E+000  0.304332916666667      -0.233622886684540     
  0.000000000000000E+000  0.304332916666667      -0.219485432767895     
  0.000000000000000E+000  0.304332916666667      -0.205627117878228     
  0.000000000000000E+000  0.304332916666667      -0.191925037147379     
  0.000000000000000E+000  0.304332916666667      -0.179009880391227     
  0.000000000000000E+000  0.304332916666667      -0.167503333207249     
  0.000000000000000E+000  0.304332916666667      -0.157479328124249     
  0.000000000000000E+000  0.304332916666667      -0.148276446130668     
  0.000000000000000E+000  0.304332916666667      -0.138513485072218     
  0.000000000000000E+000  0.304332916666667      -0.129144548111777     
  0.000000000000000E+000  0.304332916666667      -0.121345524112084     
  0.000000000000000E+000  0.304332916666667      -0.112727946317169     
  0.000000000000000E+000  0.304332916666667      -0.103239336202116     
  0.000000000000000E+000  0.304332916666667      -9.443302242790608E-002
  0.000000000000000E+000  0.304332916666667      -8.706213484217239E-002
  0.000000000000000E+000  0.304332916666667      -8.112728956216678E-002
  0.000000000000000E+000  0.304332916666667      -7.628911768863378E-002
  0.000000000000000E+000  0.304332916666667      -7.221807940567489E-002
  0.000000000000000E+000  0.304332916666667      -6.861500311241872E-002
  0.000000000000000E+000  0.304332916666667      -6.511080378050642E-002
  0.000000000000000E+000  0.304332916666667      -6.084044075616100E-002
  0.000000000000000E+000  0.304332916666667      -5.527942061863179E-002
  0.000000000000000E+000  0.606665833333333      -0.286348996039429     
  0.000000000000000E+000  0.606665833333333      -0.287233203650478     
  0.000000000000000E+000  0.606665833333333      -0.277609301563085     
  0.000000000000000E+000  0.606665833333333      -0.260346713758603     
  0.000000000000000E+000  0.606665833333333      -0.242601881533541     
  0.000000000000000E+000  0.606665833333333      -0.225778969109650     
  0.000000000000000E+000  0.606665833333333      -0.209848426391148     
  0.000000000000000E+000  0.606665833333333      -0.195014200642858     
  0.000000000000000E+000  0.606665833333333      -0.181545877559519     
  0.000000000000000E+000  0.606665833333333      -0.169219574327627     
  0.000000000000000E+000  0.606665833333333      -0.157533449587584     
  0.000000000000000E+000  0.606665833333333      -0.145721072808618     
  0.000000000000000E+000  0.606665833333333      -0.134725429974642     
  0.000000000000000E+000  0.606665833333333      -0.125486778170996     
  0.000000000000000E+000  0.606665833333333      -0.116621888958635     
  0.000000000000000E+000  0.606665833333333      -0.107569170850176     
  0.000000000000000E+000  0.606665833333333      -9.911281596137214E-002
  0.000000000000000E+000  0.606665833333333      -9.164548185371375E-002
  0.000000000000000E+000  0.606665833333333      -8.537118611093085E-002
  0.000000000000000E+000  0.606665833333333      -8.012917274310453E-002
  0.000000000000000E+000  0.606665833333333      -7.566591198624489E-002
  0.000000000000000E+000  0.606665833333333      -7.168732687182917E-002
  0.000000000000000E+000  0.606665833333333      -6.767430674193228E-002
  0.000000000000000E+000  0.606665833333333      -6.282935039937516E-002
  0.000000000000000E+000  0.606665833333333      -5.744364584867416E-002
  0.000000000000000E+000  0.908998750000000      -0.304431188200298     
  0.000000000000000E+000  0.908998750000000      -0.303581225161462     
  0.000000000000000E+000  0.908998750000000      -0.296490857589508     
  0.000000000000000E+000  0.908998750000000      -0.281893372255508     
  0.000000000000000E+000  0.908998750000000      -0.264093925728728     
  0.000000000000000E+000  0.908998750000000      -0.245916087217047     
  0.000000000000000E+000  0.908998750000000      -0.228365979322176     
  0.000000000000000E+000  0.908998750000000      -0.211792628255006     
  0.000000000000000E+000  0.908998750000000      -0.196459821718981     
  0.000000000000000E+000  0.908998750000000      -0.182150018181618     
  0.000000000000000E+000  0.908998750000000      -0.168533773947550     
  0.000000000000000E+000  0.908998750000000      -0.155295602941839     
  0.000000000000000E+000  0.908998750000000      -0.142886319629827     
  0.000000000000000E+000  0.908998750000000      -0.131843410606685     
  0.000000000000000E+000  0.908998750000000      -0.121859221971959     
  0.000000000000000E+000  0.908998750000000      -0.112589447054975     
  0.000000000000000E+000  0.908998750000000      -0.103990343643429     
  0.000000000000000E+000  0.908998750000000      -9.621877600778524E-002
  0.000000000000000E+000  0.908998750000000      -8.946182316302513E-002
  0.000000000000000E+000  0.908998750000000      -8.365436703159734E-002
  0.000000000000000E+000  0.908998750000000      -7.856480238838909E-002
  0.000000000000000E+000  0.908998750000000      -7.388156669145099E-002
  0.000000000000000E+000  0.908998750000000      -6.914312070791799E-002
  0.000000000000000E+000  0.908998750000000      -6.394554365453234E-002
  0.000000000000000E+000  0.908998750000000      -5.867377146174451E-002
  0.000000000000000E+000   1.21133166666667      -0.328049596454323     
  0.000000000000000E+000   1.21133166666667      -0.325988885644859     
  0.000000000000000E+000   1.21133166666667      -0.318405229550404     
  0.000000000000000E+000   1.21133166666667      -0.304471840407543     
  0.000000000000000E+000   1.21133166666667      -0.286440741232506     
  0.000000000000000E+000   1.21133166666667      -0.266990788240499     
  0.000000000000000E+000   1.21133166666667      -0.247696786496155     
  0.000000000000000E+000   1.21133166666667      -0.229230059029132     
  0.000000000000000E+000   1.21133166666667      -0.211963081995745     
  0.000000000000000E+000   1.21133166666667      -0.195716728258739     
  0.000000000000000E+000   1.21133166666667      -0.180276005902649     
  0.000000000000000E+000   1.21133166666667      -0.165590167595883     
  0.000000000000000E+000   1.21133166666667      -0.151853340219010     
  0.000000000000000E+000   1.21133166666667      -0.139411233981536     
  0.000000000000000E+000   1.21133166666667      -0.128309969493825     
  0.000000000000000E+000   1.21133166666667      -0.118261756386987     
  0.000000000000000E+000   1.21133166666667      -0.109092660741141     
  0.000000000000000E+000   1.21133166666667      -0.100802862223554     
  0.000000000000000E+000   1.21133166666667      -9.343092514796236E-002
  0.000000000000000E+000   1.21133166666667      -8.692557053720021E-002
  0.000000000000000E+000   1.21133166666667      -8.109844267533757E-002
  0.000000000000000E+000   1.21133166666667      -7.568751268144695E-002
  0.000000000000000E+000   1.21133166666667      -7.038045600615797E-002
  0.000000000000000E+000   1.21133166666667      -6.500410213647698E-002
  0.000000000000000E+000   1.21133166666667      -5.973002506361921E-002
  0.000000000000000E+000   1.51366458333333      -0.371756010109293     
  0.000000000000000E+000   1.51366458333333      -0.367870931485357     
  0.000000000000000E+000   1.51366458333333      -0.356292256121095     
  0.000000000000000E+000   1.51366458333333      -0.338132186060522     
  0.000000000000000E+000   1.51366458333333      -0.315881017288811     
  0.000000000000000E+000   1.51366458333333      -0.292409585266096     
  0.000000000000000E+000   1.51366458333333      -0.269410327229290     
  0.000000000000000E+000   1.51366458333333      -0.247769110955118     
  0.000000000000000E+000   1.51366458333333      -0.227889601971180     
  0.000000000000000E+000   1.51366458333333      -0.209441580209853     
  0.000000000000000E+000   1.51366458333333      -0.192076546091828     
  0.000000000000000E+000   1.51366458333333      -0.175742636737188     
  0.000000000000000E+000   1.51366458333333      -0.160642104120016     
  0.000000000000000E+000   1.51366458333333      -0.147005591035002     
  0.000000000000000E+000   1.51366458333333      -0.134860528426146     
  0.000000000000000E+000   1.51366458333333      -0.124012880474901     
  0.000000000000000E+000   1.51366458333333      -0.114221165345296     
  0.000000000000000E+000   1.51366458333333      -0.105331933889926     
  0.000000000000000E+000   1.51366458333333      -9.729131451564572E-002
  0.000000000000000E+000   1.51366458333333      -9.006720368765002E-002
  0.000000000000000E+000   1.51366458333333      -8.354482764612281E-002
  0.000000000000000E+000   1.51366458333333      -7.754335232200199E-002
  0.000000000000000E+000   1.51366458333333      -7.185051912665492E-002
  0.000000000000000E+000   1.51366458333333      -6.632999384667058E-002
  0.000000000000000E+000   1.51366458333333      -6.098351532594327E-002
  0.000000000000000E+000   1.81599750000000      -0.449873885452805     
  0.000000000000000E+000   1.81599750000000      -0.442392421572632     
  0.000000000000000E+000   1.81599750000000      -0.421982594101997     
  0.000000000000000E+000   1.81599750000000      -0.392554270486764     
  0.000000000000000E+000   1.81599750000000      -0.359439487774828     
  0.000000000000000E+000   1.81599750000000      -0.326329090751725     
  0.000000000000000E+000   1.81599750000000      -0.295342468697682     
  0.000000000000000E+000   1.81599750000000      -0.268027027696825     
  0.000000000000000E+000   1.81599750000000      -0.244202677399683     
  0.000000000000000E+000   1.81599750000000      -0.222940859919842     
  0.000000000000000E+000   1.81599750000000      -0.203447845649756     
  0.000000000000000E+000   1.81599750000000      -0.185413552236254     
  0.000000000000000E+000   1.81599750000000      -0.168919421082828     
  0.000000000000000E+000   1.81599750000000      -0.154137367944995     
  0.000000000000000E+000   1.81599750000000      -0.141071188874929     
  0.000000000000000E+000   1.81599750000000      -0.129500581172007     
  0.000000000000000E+000   1.81599750000000      -0.119108831444575     
  0.000000000000000E+000   1.81599750000000      -0.109647891592730     
  0.000000000000000E+000   1.81599750000000      -0.101011610221495     
  0.000000000000000E+000   1.81599750000000      -9.318396004242108E-002
  0.000000000000000E+000   1.81599750000000      -8.612200844572614E-002
  0.000000000000000E+000   1.81599750000000      -7.972192476551805E-002
  0.000000000000000E+000   1.81599750000000      -7.381810832371034E-002
  0.000000000000000E+000   1.81599750000000      -6.821867927418931E-002
  0.000000000000000E+000   1.81599750000000      -6.280110149672802E-002
  0.000000000000000E+000   2.11833041666667      -0.580560291183432     
  0.000000000000000E+000   2.11833041666667      -0.566461758831957     
  0.000000000000000E+000   2.11833041666667      -0.528293652301631     
  0.000000000000000E+000   2.11833041666667      -0.476998957674750     
  0.000000000000000E+000   2.11833041666667      -0.421941394036543     
  0.000000000000000E+000   2.11833041666667      -0.370536211568121     
  0.000000000000000E+000   2.11833041666667      -0.326543765007533     
  0.000000000000000E+000   2.11833041666667      -0.290461995961898     
  0.000000000000000E+000   2.11833041666667      -0.260897486586613     
  0.000000000000000E+000   2.11833041666667      -0.235913774449089     
  0.000000000000000E+000   2.11833041666667      -0.213949779529583     
  0.000000000000000E+000   2.11833041666667      -0.194174883138304     
  0.000000000000000E+000   2.11833041666667      -0.176365328328531     
  0.000000000000000E+000   2.11833041666667      -0.160542757344730     
  0.000000000000000E+000   2.11833041666667      -0.146647651136096     
  0.000000000000000E+000   2.11833041666667      -0.134420656384745     
  0.000000000000000E+000   2.11833041666667      -0.123493682709971     
  0.000000000000000E+000   2.11833041666667      -0.113561709865214     
  0.000000000000000E+000   2.11833041666667      -0.104488808753906     
  0.000000000000000E+000   2.11833041666667      -9.628088361234445E-002
  0.000000000000000E+000   2.11833041666667      -8.896321611375985E-002
  0.000000000000000E+000   2.11833041666667      -8.246026025847795E-002
  0.000000000000000E+000   2.11833041666667      -7.657139933136123E-002
  0.000000000000000E+000   2.11833041666667      -7.105792934988227E-002
  0.000000000000000E+000   2.11833041666667      -6.562261439144335E-002
  0.000000000000000E+000   2.42066333333333      -0.792454029951967     
  0.000000000000000E+000   2.42066333333333      -0.763528649024144     
  0.000000000000000E+000   2.42066333333333      -0.688550869821518     
  0.000000000000000E+000   2.42066333333333      -0.594443824337101     
  0.000000000000000E+000   2.42066333333333      -0.503067366082517     
  0.000000000000000E+000   2.42066333333333      -0.425052033477102     
  0.000000000000000E+000   2.42066333333333      -0.362883867820283     
  0.000000000000000E+000   2.42066333333333      -0.314874793790351     
  0.000000000000000E+000   2.42066333333333      -0.277728914272574     
  0.000000000000000E+000   2.42066333333333      -0.248061530968610     
  0.000000000000000E+000   2.42066333333333      -0.223242871726129     
  0.000000000000000E+000   2.42066333333333      -0.201683194273048     
  0.000000000000000E+000   2.42066333333333      -0.182666552652583     
  0.000000000000000E+000   2.42066333333333      -0.165942615002788     
  0.000000000000000E+000   2.42066333333333      -0.151333851072795     
  0.000000000000000E+000   2.42066333333333      -0.138541576572891     
  0.000000000000000E+000   2.42066333333333      -0.127178209504422     
  0.000000000000000E+000   2.42066333333333      -0.116916873413736     
  0.000000000000000E+000   2.42066333333333      -0.107608581989268     
  0.000000000000000E+000   2.42066333333333      -9.927731977266835E-002
  0.000000000000000E+000   2.42066333333333      -9.200448194357921E-002
  0.000000000000000E+000   2.42066333333333      -8.577707255925313E-002
  0.000000000000000E+000   2.42066333333333      -8.037083629036912E-002
  0.000000000000000E+000   2.42066333333333      -7.532482683971231E-002
  0.000000000000000E+000   2.42066333333333      -7.008078539981179E-002
  0.000000000000000E+000   2.72299625000000       -1.09193139704376     
  0.000000000000000E+000   2.72299625000000       -1.04171596262053     
  0.000000000000000E+000   2.72299625000000      -0.911132616881143     
  0.000000000000000E+000   2.72299625000000      -0.747922017368340     
  0.000000000000000E+000   2.72299625000000      -0.600958670293154     
  0.000000000000000E+000   2.72299625000000      -0.486914650496002     
  0.000000000000000E+000   2.72299625000000      -0.402027328182394     
  0.000000000000000E+000   2.72299625000000      -0.339792670862683     
  0.000000000000000E+000   2.72299625000000      -0.293859763879683     
  0.000000000000000E+000   2.72299625000000      -0.258915544682326     
  0.000000000000000E+000   2.72299625000000      -0.231033485506155     
  0.000000000000000E+000   2.72299625000000      -0.207714196464486     
  0.000000000000000E+000   2.72299625000000      -0.187627970092067     
  0.000000000000000E+000   2.72299625000000      -0.170163538201486     
  0.000000000000000E+000   2.72299625000000      -0.154980711971650     
  0.000000000000000E+000   2.72299625000000      -0.141739357300316     
  0.000000000000000E+000   2.72299625000000      -0.130056833600367     
  0.000000000000000E+000   2.72299625000000      -0.119612829833976     
  0.000000000000000E+000   2.72299625000000      -0.110262001527257     
  0.000000000000000E+000   2.72299625000000      -0.102052593827476     
  0.000000000000000E+000   2.72299625000000      -9.513756165436771E-002
  0.000000000000000E+000   2.72299625000000      -8.961791072319131E-002
  0.000000000000000E+000   2.72299625000000      -8.524619415716639E-002
  0.000000000000000E+000   2.72299625000000      -8.119688526320891E-002
  0.000000000000000E+000   2.72299625000000      -7.639016943247481E-002
  0.000000000000000E+000   3.02532916666667       -1.42866859565947     
  0.000000000000000E+000   3.02532916666667       -1.35699922639588     
  0.000000000000000E+000   3.02532916666667       -1.16451484804769     
  0.000000000000000E+000   3.02532916666667      -0.922931099140651     
  0.000000000000000E+000   3.02532916666667      -0.705006590420637     
  0.000000000000000E+000   3.02532916666667      -0.547871887683840     
  0.000000000000000E+000   3.02532916666667      -0.438714230575757     
  0.000000000000000E+000   3.02532916666667      -0.362188459187833     
  0.000000000000000E+000   3.02532916666667      -0.307702477142769     
  0.000000000000000E+000   3.02532916666667      -0.267725676573151     
  0.000000000000000E+000   3.02532916666667      -0.236999837439094     
  0.000000000000000E+000   3.02532916666667      -0.212128718582545     
  0.000000000000000E+000   3.02532916666667      -0.191172279069291     
  0.000000000000000E+000   3.02532916666667      -0.173149503316888     
  0.000000000000000E+000   3.02532916666667      -0.157548155901839     
  0.000000000000000E+000   3.02532916666667      -0.143987073503167     
  0.000000000000000E+000   3.02532916666667      -0.132099944662847     
  0.000000000000000E+000   3.02532916666667      -0.121588892235310     
  0.000000000000000E+000   3.02532916666667      -0.112325745334967     
  0.000000000000000E+000   3.02532916666667      -0.104398920836257     
  0.000000000000000E+000   3.02532916666667      -9.808496996056439E-002
  0.000000000000000E+000   3.02532916666667      -9.365238964747193E-002
  0.000000000000000E+000   3.02532916666667      -9.061171351174292E-002
  0.000000000000000E+000   3.02532916666667      -8.775603926750006E-002
  0.000000000000000E+000   3.02532916666667      -8.347206921833841E-002
  0.000000000000000E+000   3.32766208333333       -1.68453888346795     
  0.000000000000000E+000   3.32766208333333       -1.60478951155141     
  0.000000000000000E+000   3.32766208333333       -1.37340653678099     
  0.000000000000000E+000   3.32766208333333       -1.06650938598828     
  0.000000000000000E+000   3.32766208333333      -0.790482030641865     
  0.000000000000000E+000   3.32766208333333      -0.594303002667638     
  0.000000000000000E+000   3.32766208333333      -0.465480219634957     
  0.000000000000000E+000   3.32766208333333      -0.378043052419499     
  0.000000000000000E+000   3.32766208333333      -0.317212252777975     
  0.000000000000000E+000   3.32766208333333      -0.273558144560832     
  0.000000000000000E+000   3.32766208333333      -0.240784818018625     
  0.000000000000000E+000   3.32766208333333      -0.214826820295046     
  0.000000000000000E+000   3.32766208333333      -0.193290763625367     
  0.000000000000000E+000   3.32766208333333      -0.174917257063100     
  0.000000000000000E+000   3.32766208333333      -0.159061741334775     
  0.000000000000000E+000   3.32766208333333      -0.145311632966475     
  0.000000000000000E+000   3.32766208333333      -0.133315956299663     
  0.000000000000000E+000   3.32766208333333      -0.122799394622216     
  0.000000000000000E+000   3.32766208333333      -0.113653996130120     
  0.000000000000000E+000   3.32766208333333      -0.106014089242851     
  0.000000000000000E+000   3.32766208333333      -0.100309914205944     
  0.000000000000000E+000   3.32766208333333      -9.680799516109337E-002
  0.000000000000000E+000   3.32766208333333      -9.482155180722877E-002
  0.000000000000000E+000   3.32766208333333      -9.267998235501343E-002
  0.000000000000000E+000   3.32766208333333      -8.865717365827254E-002
  0.000000000000000E+000   3.62999500000000       -1.87024763369779     
  0.000000000000000E+000   3.62999500000000       -1.69724244541913     
  0.000000000000000E+000   3.62999500000000       -1.45371840639915     
  0.000000000000000E+000   3.62999500000000       -1.12243955026743     
  0.000000000000000E+000   3.62999500000000      -0.823849802354209     
  0.000000000000000E+000   3.62999500000000      -0.611901352091394     
  0.000000000000000E+000   3.62999500000000      -0.475365849541962     
  0.000000000000000E+000   3.62999500000000      -0.383804658909408     
  0.000000000000000E+000   3.62999500000000      -0.320617353868353     
  0.000000000000000E+000   3.62999500000000      -0.275608866666151     
  0.000000000000000E+000   3.62999500000000      -0.242086521212188     
  0.000000000000000E+000   3.62999500000000      -0.215735639327784     
  0.000000000000000E+000   3.62999500000000      -0.193994951655463     
  0.000000000000000E+000   3.62999500000000      -0.175501319233730     
  0.000000000000000E+000   3.62999500000000      -0.159560549719264     
  0.000000000000000E+000   3.62999500000000      -0.145748265430922     
  0.000000000000000E+000   3.62999500000000      -0.133719298290772     
  0.000000000000000E+000   3.62999500000000      -0.123207870731985     
  0.000000000000000E+000   3.62999500000000      -0.114114952453306     
  0.000000000000000E+000   3.62999500000000      -0.106596218511277     
  0.000000000000000E+000   3.62999500000000      -0.101146687777067     
  0.000000000000000E+000   3.62999500000000      -9.800028954713451E-002
  0.000000000000000E+000   3.62999500000000      -9.636411174794253E-002
  0.000000000000000E+000   3.62999500000000      -9.439213334911979E-002
  0.000000000000000E+000   3.62999500000000      -9.216819667164218E-002
  0.000000000000000E+000   3.93232791666667       -1.68454358997135     
  0.000000000000000E+000   3.93232791666667       -1.60479453574738     
  0.000000000000000E+000   3.93232791666667       -1.37341020501836     
  0.000000000000000E+000   3.93232791666667       -1.06651207543531     
  0.000000000000000E+000   3.93232791666667      -0.790483506049841     
  0.000000000000000E+000   3.93232791666667      -0.594303635127705     
  0.000000000000000E+000   3.93232791666667      -0.465480523020726     
  0.000000000000000E+000   3.93232791666667      -0.378043197799817     
  0.000000000000000E+000   3.93232791666667      -0.317212308058838     
  0.000000000000000E+000   3.93232791666667      -0.273558097775010     
  0.000000000000000E+000   3.93232791666667      -0.240784782567888     
  0.000000000000000E+000   3.93232791666667      -0.214826775395928     
  0.000000000000000E+000   3.93232791666667      -0.193290711060479     
  0.000000000000000E+000   3.93232791666667      -0.174917202787507     
  0.000000000000000E+000   3.93232791666667      -0.159061696536795     
  0.000000000000000E+000   3.93232791666667      -0.145311589288829     
  0.000000000000000E+000   3.93232791666667      -0.133315922659219     
  0.000000000000000E+000   3.93232791666667      -0.122799357260687     
  0.000000000000000E+000   3.93232791666667      -0.113653948242363     
  0.000000000000000E+000   3.93232791666667      -0.106014051886536     
  0.000000000000000E+000   3.93232791666667      -0.100309904604104     
  0.000000000000000E+000   3.93232791666667      -9.680806256033604E-002
  0.000000000000000E+000   3.93232791666667      -9.482161229008401E-002
  0.000000000000000E+000   3.93232791666667      -9.267997508771871E-002
  0.000000000000000E+000   3.93232791666667      -8.865713129288809E-002
  0.000000000000000E+000   4.23466083333333       -1.42867682575447     
  0.000000000000000E+000   4.23466083333333       -1.35700625801160     
  0.000000000000000E+000   4.23466083333333       -1.16452097210998     
  0.000000000000000E+000   4.23466083333333      -0.922935084072871     
  0.000000000000000E+000   4.23466083333333      -0.705008749638385     
  0.000000000000000E+000   4.23466083333333      -0.547872916794759     
  0.000000000000000E+000   4.23466083333333      -0.438714721758728     
  0.000000000000000E+000   4.23466083333333      -0.362188677530772     
  0.000000000000000E+000   4.23466083333333      -0.307702523090956     
  0.000000000000000E+000   4.23466083333333      -0.267725653812695     
  0.000000000000000E+000   4.23466083333333      -0.236999785786531     
  0.000000000000000E+000   4.23466083333333      -0.212128634047715     
  0.000000000000000E+000   4.23466083333333      -0.191172172567422     
  0.000000000000000E+000   4.23466083333333      -0.173149423629127     
  0.000000000000000E+000   4.23466083333333      -0.157548070758811     
  0.000000000000000E+000   4.23466083333333      -0.143987015952318     
  0.000000000000000E+000   4.23466083333333      -0.132099889504565     
  0.000000000000000E+000   4.23466083333333      -0.121588818073694     
  0.000000000000000E+000   4.23466083333333      -0.112325670181309     
  0.000000000000000E+000   4.23466083333333      -0.104398840219272     
  0.000000000000000E+000   4.23466083333333      -9.808492436042354E-002
  0.000000000000000E+000   4.23466083333333      -9.365240517092116E-002
  0.000000000000000E+000   4.23466083333333      -9.061171613884479E-002
  0.000000000000000E+000   4.23466083333333      -8.775592146029644E-002
  0.000000000000000E+000   4.23466083333333      -8.347191286940937E-002
  0.000000000000000E+000   4.53699375000000       -1.09193942000394     
  0.000000000000000E+000   4.53699375000000       -1.04172360309816     
  0.000000000000000E+000   4.53699375000000      -0.911138405141486     
  0.000000000000000E+000   4.53699375000000      -0.747925752692102     
  0.000000000000000E+000   4.53699375000000      -0.600960660134506     
  0.000000000000000E+000   4.53699375000000      -0.486915681183742     
  0.000000000000000E+000   4.53699375000000      -0.402027799132230     
  0.000000000000000E+000   4.53699375000000      -0.339792858710300     
  0.000000000000000E+000   4.53699375000000      -0.293859802646572     
  0.000000000000000E+000   4.53699375000000      -0.258915488741233     
  0.000000000000000E+000   4.53699375000000      -0.231033387976110     
  0.000000000000000E+000   4.53699375000000      -0.207714102800159     
  0.000000000000000E+000   4.53699375000000      -0.187627831833275     
  0.000000000000000E+000   4.53699375000000      -0.170163429357651     
  0.000000000000000E+000   4.53699375000000      -0.154980622728575     
  0.000000000000000E+000   4.53699375000000      -0.141739265227361     
  0.000000000000000E+000   4.53699375000000      -0.130056745841161     
  0.000000000000000E+000   4.53699375000000      -0.119612741260939     
  0.000000000000000E+000   4.53699375000000      -0.110261891615931     
  0.000000000000000E+000   4.53699375000000      -0.102052478159570     
  0.000000000000000E+000   4.53699375000000      -9.513745591617752E-002
  0.000000000000000E+000   4.53699375000000      -8.961781383417268E-002
  0.000000000000000E+000   4.53699375000000      -8.524607802618367E-002
  0.000000000000000E+000   4.53699375000000      -8.119667297663667E-002
  0.000000000000000E+000   4.53699375000000      -7.638990987426163E-002
  0.000000000000000E+000   4.83932666666667      -0.792459596286236     
  0.000000000000000E+000   4.83932666666667      -0.763533896075496     
  0.000000000000000E+000   4.83932666666667      -0.688554780013714     
  0.000000000000000E+000   4.83932666666667      -0.594446397589520     
  0.000000000000000E+000   4.83932666666667      -0.503068860257394     
  0.000000000000000E+000   4.83932666666667      -0.425052825668447     
  0.000000000000000E+000   4.83932666666667      -0.362884189231605     
  0.000000000000000E+000   4.83932666666667      -0.314874868685636     
  0.000000000000000E+000   4.83932666666667      -0.277728907119507     
  0.000000000000000E+000   4.83932666666667      -0.248061504454170     
  0.000000000000000E+000   4.83932666666667      -0.223242759896935     
  0.000000000000000E+000   4.83932666666667      -0.201683075345311     
  0.000000000000000E+000   4.83932666666667      -0.182666444061495     
  0.000000000000000E+000   4.83932666666667      -0.165942503508561     
  0.000000000000000E+000   4.83932666666667      -0.151333747762730     
  0.000000000000000E+000   4.83932666666667      -0.138541452408665     
  0.000000000000000E+000   4.83932666666667      -0.127178101588100     
  0.000000000000000E+000   4.83932666666667      -0.116916764074181     
  0.000000000000000E+000   4.83932666666667      -0.107608452987823     
  0.000000000000000E+000   4.83932666666667      -9.927716660828896E-002
  0.000000000000000E+000   4.83932666666667      -9.200431731673325E-002
  0.000000000000000E+000   4.83932666666667      -8.577688908058134E-002
  0.000000000000000E+000   4.83932666666667      -8.037061113423923E-002
  0.000000000000000E+000   4.83932666666667      -7.532455237402104E-002
  0.000000000000000E+000   4.83932666666667      -7.008048000853648E-002
  0.000000000000000E+000   5.14165958333333      -0.580563351692919     
  0.000000000000000E+000   5.14165958333333      -0.566464513525699     
  0.000000000000000E+000   5.14165958333333      -0.528295689509223     
  0.000000000000000E+000   5.14165958333333      -0.477000466581877     
  0.000000000000000E+000   5.14165958333333      -0.421942257734993     
  0.000000000000000E+000   5.14165958333333      -0.370536597153202     
  0.000000000000000E+000   5.14165958333333      -0.326543900130873     
  0.000000000000000E+000   5.14165958333333      -0.290461969513912     
  0.000000000000000E+000   5.14165958333333      -0.260897420310045     
  0.000000000000000E+000   5.14165958333333      -0.235913672027368     
  0.000000000000000E+000   5.14165958333333      -0.213949689839181     
  0.000000000000000E+000   5.14165958333333      -0.194174765149682     
  0.000000000000000E+000   5.14165958333333      -0.176365213011345     
  0.000000000000000E+000   5.14165958333333      -0.160542614340204     
  0.000000000000000E+000   5.14165958333333      -0.146647537894352     
  0.000000000000000E+000   5.14165958333333      -0.134420528708513     
  0.000000000000000E+000   5.14165958333333      -0.123493535083919     
  0.000000000000000E+000   5.14165958333333      -0.113561572479792     
  0.000000000000000E+000   5.14165958333333      -0.104488647641801     
  0.000000000000000E+000   5.14165958333333      -9.628066771929840E-002
  0.000000000000000E+000   5.14165958333333      -8.896296234408409E-002
  0.000000000000000E+000   5.14165958333333      -8.245994758753109E-002
  0.000000000000000E+000   5.14165958333333      -7.657100046107768E-002
  0.000000000000000E+000   5.14165958333333      -7.105746914825366E-002
  0.000000000000000E+000   5.14165958333333      -6.562213578266519E-002
  0.000000000000000E+000   5.44399250000000      -0.449874928927952     
  0.000000000000000E+000   5.44399250000000      -0.442393373311898     
  0.000000000000000E+000   5.44399250000000      -0.421983325735133     
  0.000000000000000E+000   5.44399250000000      -0.392554855978841     
  0.000000000000000E+000   5.44399250000000      -0.359439763790796     
  0.000000000000000E+000   5.44399250000000      -0.326329205041469     
  0.000000000000000E+000   5.44399250000000      -0.295342423461864     
  0.000000000000000E+000   5.44399250000000      -0.268026906901081     
  0.000000000000000E+000   5.44399250000000      -0.244202538961488     
  0.000000000000000E+000   5.44399250000000      -0.222940744171162     
  0.000000000000000E+000   5.44399250000000      -0.203447727317016     
  0.000000000000000E+000   5.44399250000000      -0.185413437492373     
  0.000000000000000E+000   5.44399250000000      -0.168919331955365     
  0.000000000000000E+000   5.44399250000000      -0.154137233846017     
  0.000000000000000E+000   5.44399250000000      -0.141071058499395     
  0.000000000000000E+000   5.44399250000000      -0.129500421859574     
  0.000000000000000E+000   5.44399250000000      -0.119108662154118     
  0.000000000000000E+000   5.44399250000000      -0.109647713495724     
  0.000000000000000E+000   5.44399250000000      -0.101011389717327     
  0.000000000000000E+000   5.44399250000000      -9.318367514356916E-002
  0.000000000000000E+000   5.44399250000000      -8.612163809367800E-002
  0.000000000000000E+000   5.44399250000000      -7.972146451416598E-002
  0.000000000000000E+000   5.44399250000000      -7.381755313269779E-002
  0.000000000000000E+000   5.44399250000000      -6.821803031078749E-002
  0.000000000000000E+000   5.44399250000000      -6.280043117921856E-002
  0.000000000000000E+000   5.74632541666667      -0.371755895419625     
  0.000000000000000E+000   5.74632541666667      -0.367870839280177     
  0.000000000000000E+000   5.74632541666667      -0.356292141545777     
  0.000000000000000E+000   5.74632541666667      -0.338131997865867     
  0.000000000000000E+000   5.74632541666667      -0.315880838171445     
  0.000000000000000E+000   5.74632541666667      -0.292409376808747     
  0.000000000000000E+000   5.74632541666667      -0.269410120484547     
  0.000000000000000E+000   5.74632541666667      -0.247768867659252     
  0.000000000000000E+000   5.74632541666667      -0.227889416136619     
  0.000000000000000E+000   5.74632541666667      -0.209441462127847     
  0.000000000000000E+000   5.74632541666667      -0.192076428367701     
  0.000000000000000E+000   5.74632541666667      -0.175742570012934     
  0.000000000000000E+000   5.74632541666667      -0.160642038309534     
  0.000000000000000E+000   5.74632541666667      -0.147005500115733     
  0.000000000000000E+000   5.74632541666667      -0.134860408378013     
  0.000000000000000E+000   5.74632541666667      -0.124012726290775     
  0.000000000000000E+000   5.74632541666667      -0.114220965001713     
  0.000000000000000E+000   5.74632541666667      -0.105331674144987     
  0.000000000000000E+000   5.74632541666667      -9.729102906419294E-002
  0.000000000000000E+000   5.74632541666667      -9.006685384426834E-002
  0.000000000000000E+000   5.74632541666667      -8.354441612336717E-002
  0.000000000000000E+000   5.74632541666667      -7.754284180275553E-002
  0.000000000000000E+000   5.74632541666667      -7.184992728390700E-002
  0.000000000000000E+000   5.74632541666667      -6.632938140312630E-002
  0.000000000000000E+000   5.74632541666667      -6.098292055834401E-002
  0.000000000000000E+000   6.04865833333333      -0.328048904243784     
  0.000000000000000E+000   6.04865833333333      -0.325988230302879     
  0.000000000000000E+000   6.04865833333333      -0.318404538306505     
  0.000000000000000E+000   6.04865833333333      -0.304471288091017     
  0.000000000000000E+000   6.04865833333333      -0.286440283828309     
  0.000000000000000E+000   6.04865833333333      -0.266990487927336     
  0.000000000000000E+000   6.04865833333333      -0.247696540197959     
  0.000000000000000E+000   6.04865833333333      -0.229229838995205     
  0.000000000000000E+000   6.04865833333333      -0.211962929191393     
  0.000000000000000E+000   6.04865833333333      -0.195716618801388     
  0.000000000000000E+000   6.04865833333333      -0.180275900686095     
  0.000000000000000E+000   6.04865833333333      -0.165590111803276     
  0.000000000000000E+000   6.04865833333333      -0.151853275342915     
  0.000000000000000E+000   6.04865833333333      -0.139411178143168     
  0.000000000000000E+000   6.04865833333333      -0.128309849177088     
  0.000000000000000E+000   6.04865833333333      -0.118261582571835     
  0.000000000000000E+000   6.04865833333333      -0.109092438389203     
  0.000000000000000E+000   6.04865833333333      -0.100802592141280     
  0.000000000000000E+000   6.04865833333333      -9.343060710238865E-002
  0.000000000000000E+000   6.04865833333333      -8.692521639078044E-002
  0.000000000000000E+000   6.04865833333333      -8.109799633158553E-002
  0.000000000000000E+000   6.04865833333333      -7.568697344793818E-002
  0.000000000000000E+000   6.04865833333333      -7.037992785622334E-002
  0.000000000000000E+000   6.04865833333333      -6.500372539558259E-002
  0.000000000000000E+000   6.04865833333333      -5.972974990035324E-002
  0.000000000000000E+000   6.35099125000000      -0.304430295023193     
  0.000000000000000E+000   6.35099125000000      -0.303580293005073     
  0.000000000000000E+000   6.35099125000000      -0.296490167429157     
  0.000000000000000E+000   6.35099125000000      -0.281892768938363     
  0.000000000000000E+000   6.35099125000000      -0.264093394078517     
  0.000000000000000E+000   6.35099125000000      -0.245915665752237     
  0.000000000000000E+000   6.35099125000000      -0.228365740392559     
  0.000000000000000E+000   6.35099125000000      -0.211792467633632     
  0.000000000000000E+000   6.35099125000000      -0.196459714487799     
  0.000000000000000E+000   6.35099125000000      -0.182149906796405     
  0.000000000000000E+000   6.35099125000000      -0.168533696021963     
  0.000000000000000E+000   6.35099125000000      -0.155295525984264     
  0.000000000000000E+000   6.35099125000000      -0.142886252144401     
  0.000000000000000E+000   6.35099125000000      -0.131843395112042     
  0.000000000000000E+000   6.35099125000000      -0.121859123382506     
  0.000000000000000E+000   6.35099125000000      -0.112589246773198     
  0.000000000000000E+000   6.35099125000000      -0.103990110691698     
  0.000000000000000E+000   6.35099125000000      -9.621850340324226E-002
  0.000000000000000E+000   6.35099125000000      -8.946150970467359E-002
  0.000000000000000E+000   6.35099125000000      -8.365397892665941E-002
  0.000000000000000E+000   6.35099125000000      -7.856432453019122E-002
  0.000000000000000E+000   6.35099125000000      -7.388104440763259E-002
  0.000000000000000E+000   6.35099125000000      -6.914267660595831E-002
  0.000000000000000E+000   6.35099125000000      -6.394528573736302E-002
  0.000000000000000E+000   6.35099125000000      -5.867367447850259E-002
  0.000000000000000E+000   6.65332416666666      -0.286348203852759     
  0.000000000000000E+000   6.65332416666666      -0.287232546918366     
  0.000000000000000E+000   6.65332416666666      -0.277609015277126     
  0.000000000000000E+000   6.65332416666666      -0.260346546883134     
  0.000000000000000E+000   6.65332416666666      -0.242601494880855     
  0.000000000000000E+000   6.65332416666666      -0.225778586753449     
  0.000000000000000E+000   6.65332416666666      -0.209848204489851     
  0.000000000000000E+000   6.65332416666666      -0.195014052888685     
  0.000000000000000E+000   6.65332416666666      -0.181545746236593     
  0.000000000000000E+000   6.65332416666666      -0.169219505958501     
  0.000000000000000E+000   6.65332416666666      -0.157533395582873     
  0.000000000000000E+000   6.65332416666666      -0.145720876161277     
  0.000000000000000E+000   6.65332416666666      -0.134725253917857     
  0.000000000000000E+000   6.65332416666666      -0.125486630513470     
  0.000000000000000E+000   6.65332416666666      -0.116621704712699     
  0.000000000000000E+000   6.65332416666666      -0.107568930248749     
  0.000000000000000E+000   6.65332416666666      -9.911258570109281E-002
  0.000000000000000E+000   6.65332416666666      -9.164524236016339E-002
  0.000000000000000E+000   6.65332416666666      -8.537084085267564E-002
  0.000000000000000E+000   6.65332416666666      -8.012872703343278E-002
  0.000000000000000E+000   6.65332416666666      -7.566545649565988E-002
  0.000000000000000E+000   6.65332416666666      -7.168691085070521E-002
  0.000000000000000E+000   6.65332416666666      -6.767383589485999E-002
  0.000000000000000E+000   6.65332416666666      -6.282877587436680E-002
  0.000000000000000E+000   6.65332416666666      -5.744310532372134E-002
  0.000000000000000E+000   6.95565708333333      -0.255878613635659     
  0.000000000000000E+000   6.95565708333333      -0.262371768353306     
  0.000000000000000E+000   6.95565708333333      -0.249532127119903     
  0.000000000000000E+000   6.95565708333333      -0.233623189146248     
  0.000000000000000E+000   6.95565708333333      -0.219485240133681     
  0.000000000000000E+000   6.95565708333333      -0.205626773909538     
  0.000000000000000E+000   6.95565708333333      -0.191924843837279     
  0.000000000000000E+000   6.95565708333333      -0.179009782765547     
  0.000000000000000E+000   6.95565708333333      -0.167503218740525     
  0.000000000000000E+000   6.95565708333333      -0.157479330847783     
  0.000000000000000E+000   6.95565708333333      -0.148276497537256     
  0.000000000000000E+000   6.95565708333333      -0.138513347155495     
  0.000000000000000E+000   6.95565708333333      -0.129144181621812     
  0.000000000000000E+000   6.95565708333333      -0.121345265542447     
  0.000000000000000E+000   6.95565708333333      -0.112727720588570     
  0.000000000000000E+000   6.95565708333333      -0.103238993526251     
  0.000000000000000E+000   6.95565708333333      -9.443273538069724E-002
  0.000000000000000E+000   6.95565708333333      -8.706191724858553E-002
  0.000000000000000E+000   6.95565708333333      -8.112693324789123E-002
  0.000000000000000E+000   6.95565708333333      -7.628868378931146E-002
  0.000000000000000E+000   6.95565708333333      -7.221773892497560E-002
  0.000000000000000E+000   6.95565708333333      -6.861479274954718E-002
  0.000000000000000E+000   6.95565708333333      -6.511040334712719E-002
  0.000000000000000E+000   6.95565708333333      -6.083948451422967E-002
  0.000000000000000E+000   6.95565708333333      -5.527832676564456E-002
  0.000000000000000E+000   7.25799000000000      -0.225535390496269     
  0.000000000000000E+000   7.25799000000000      -0.229193005723207     
  0.000000000000000E+000   7.25799000000000      -0.218960271344778     
  0.000000000000000E+000   7.25799000000000      -0.208354296819142     
  0.000000000000000E+000   7.25799000000000      -0.198198689469110     
  0.000000000000000E+000   7.25799000000000      -0.187063294413647     
  0.000000000000000E+000   7.25799000000000      -0.175411895444784     
  0.000000000000000E+000   7.25799000000000      -0.164277267377632     
  0.000000000000000E+000   7.25799000000000      -0.154630340990089     
  0.000000000000000E+000   7.25799000000000      -0.146778697395027     
  0.000000000000000E+000   7.25799000000000      -0.140203622440336     
  0.000000000000000E+000   7.25799000000000      -0.133016667084740     
  0.000000000000000E+000   7.25799000000000      -0.125383187795590     
  0.000000000000000E+000   7.25799000000000      -0.116757642023925     
  0.000000000000000E+000   7.25799000000000      -0.107967328296752     
  0.000000000000000E+000   7.25799000000000      -9.829427606222006E-002
  0.000000000000000E+000   7.25799000000000      -8.949171661142975E-002
  0.000000000000000E+000   7.25799000000000      -8.232169311744929E-002
  0.000000000000000E+000   7.25799000000000      -7.673547057101725E-002
  0.000000000000000E+000   7.25799000000000      -7.222635347670452E-002
  0.000000000000000E+000   7.25799000000000      -6.842197882145139E-002
  0.000000000000000E+000   7.25799000000000      -6.497870857288762E-002
  0.000000000000000E+000   7.25799000000000      -6.150509160600486E-002
  0.000000000000000E+000   7.25799000000000      -5.718405754105556E-002
  0.000000000000000E+000   7.25799000000000      -5.191215544066363E-002
